3.602830294528593640e+03
2.992729308148220753e+02
6.172763336694211844e+00
2.083021550780384530e+02
2.236186624926308486e+00
2.116812740752480706e-96
1.179772186214605398e-161
6.172850559509212687e+00
6.173001369293116269e+00
6.173010575517992926e+00
6.173885237669174408e+00
6.173920272343005777e+00
6.174000650417094782e+00
6.174011683025638852e+00
6.174222858501189570e+00
6.174486324638701618e+00
6.174834587840135391e+00
6.172970081293767564e+00
6.173286038568646994e+00
6.173714039713760648e+00
6.173971749115954921e+00
6.174326924271031913e+00
6.175075424943401892e+00
6.175353900641130878e+00
6.175528802787914273e+00
6.175822314823269821e+00
6.175934734029960183e+00
8.320080214626113246e-01
4.564454603455074988e+01
1.206289046840981882e+02
2.238716548987274908e-05
4.426324407645854962e-15
0.000000000000000000e+00
0.000000000000000000e+00
0.000000000000000000e+00
2.757848706898281821e-02
0.000000000000000000e+00
1.508176476667955956e+00
2.412003955402917121e+00
2.617124914557785245e-02
2.058035339706970612e-01
3.506748418002755052e+00
2.454319647695080775e+01
5.665998467797710159e-02
4.692838459344026991e-01
2.397079404366972089e+00
1.784969595734877193e-02
1.296624602641222312e-01
1.146284542201773959e+01
2.637323007562934474e-01
8.672208457132089821e-02
7.229439874698257107e+00
1.057573671703709550e+02
7.263536593027189348e+00
8.139940754536095779e-02
0.000000000000000000e+00
0.000000000000000000e+00
6.232919491009949464e-01
0.000000000000000000e+00
1.323749909115355763e+02
0.000000000000000000e+00
0.000000000000000000e+00
0.000000000000000000e+00
1.844828036851701991e-01
0.000000000000000000e+00
1.387566086447316493e+01
0.000000000000000000e+00
0.000000000000000000e+00
2.219586793711180839e+00
0.000000000000000000e+00
0.000000000000000000e+00
3.164247646627953880e+00
9.519839517940353879e-01
4.547949343871728445e+00
1.394676241287873175e+01
4.830231616254715021e+01
5.589294786391456604e+00
0.000000000000000000e+00
0.000000000000000000e+00
2.209929497299318214e-17
8.042592398673592768e+00
2.239718914496687548e-16
7.564544852616413841e-20
5.328498852693511756e-01
1.068657817949863504e-19
2.658134786327283905e+01
6.351798342491750378e-21
3.672389716985453943e-04
8.483996874900205931e-01
9.576244561740616511e-04
8.089831887542337086e+01
4.691409640021281316e-03
1.388062778753333107e-04
4.771103612031080132e+01
2.090642704526776262e-08
3.908787903162477687e-04
9.850314301704025936e-08
5.494927840088542403e+00
4.774495018218337774e-05
6.411997528844981389e+02
2.784626453375545311e-06
1.098388176941719863e+00
5.056376798397024430e+01
5.320190364485085618e-05
1.018308435247086980e-06
1.436762158346357054e+01
4.123184030635738690e-05
8.838761331085920858e+01
2.843205131240127130e-08
8.124967329358110638e-05
1.078630398459953527e-03
2.050011990882613322e+00
6.227737208128290326e-03
3.678631174414121298e-05
2.122257637293691295e-04
4.278700892180271651e-08
2.464524169178748282e-07
2.259996892321231371e+03
3.054613842759158753e-07
2.931731493251607434e-05
1.555551635441382314e+04
2.621901840340526164e-03
2.618980872341027111e-02
1.476183205684328414e+03
2.488125340280654234e-04
1.913291002707202858e-03
1.832263283364573767e-03
4.884292474544464357e-01
1.413494004991569120e-06
3.362741659017425954e-03
4.500482888161712047e+00
1.020584050887032813e-03
1.168310564958625550e-03
9.379219960558661583e-05
3.412989006438697792e-02
1.100724156448892183e-02
2.021452707497161327e+00
5.851184065462142897e-02
2.562442438605682174e-02
4.907802622971382984e-03
2.366962297220439826e+00
1.037503349562214572e+00
1.975852000922212470e-01
3.524952509631618103e-02
4.917443066661953413e-08
1.426123620536313696e+00
1.041596866492926557e-03
1.846671165910189205e-01
7.365302746295219203e-04
2.259587003129324589e+00
1.729066909632912203e-03
9.999998927219368738e+01
9.999999969682758660e+01
9.999999873972262776e+01
9.999999993751360705e+01
9.999999997399854124e+01
9.999999980095013541e+01
1.720999999867887709e+03
1.280875216730314320e-02
3.784589882038068547e-03
3.245461025362115365e-02
9.589913053186871830e-03
7.676260165764846365e-04
2.522318201612612659e-23
7.463795684314871229e-24
7.871453679649908924e-15
2.550316231040024415e-04
4.758097858171482747e-04
1.985258745733528191e-05
2.143150750915761432e-02
2.955241695553367798e-02
6.453734672634914007e-06
2.592996925231854090e-05
1.893731642015493481e-06
7.541269709838354890e-26
1.053292773881846509e-06
1.325072584471688186e-06
5.519043174174569876e-26
6.567873545587552895e-27
5.355547671179679273e-46
5.349220172954378783e-08
5.434174649696003986e-09
1.331461476822350684e-04
1.714918594297282727e-04
2.985550056809129771e-01
4.863317154463896869e-02
1.947806747644010136e-21
7.603110483466861691e-01
4.699235946129133590e-02
3.009503579054188110e-02
2.810762203084336830e-02
2.234642202261664569e-15
7.580513170588104935e-03
1.160226704075242865e-03
4.430115051488386123e-23
1.432680696277641641e-03
1.102445540653267456e-03
3.720668141246865008e-04
3.993896299000484982e-16
7.896613453495230310e-24
5.988465930298717235e-23
1.671130940072774822e-35
4.586294475948788990e-23
7.861361003968547628e-24
6.418989643244650261e-43
3.677181401101679392e-04
1.769671807527548740e-02
3.260300275881437317e-04
8.958189824175604365e-04
6.514470999413749311e-03
4.323629072639163101e-02
1.176854909730418522e-02
4.858062516130622211e-22
2.027899204310203412e-03
8.530275671402678064e-23
3.504968465519261513e-42
5.751260172873076115e-01
1.103948046768667215e-05
8.236843567600770841e-03
8.684947174282772395e-03
5.843285265630327775e-03
3.785062527124406252e-04
9.590579383422367325e-04
7.454505784832314883e-25
2.798000945314124688e-02
2.224753010482172652e-15
7.486576716390685483e-03
4.270950257405593115e-02
1.154877616230665788e-03
1.171456249802372944e-02
4.410585329133578212e-23
4.836646226022357139e-22
1.431763204727882393e-03
3.992516169092351670e-16
1.097362714899253241e-03
7.893997990677266303e-24
8.527450316197482324e-23
5.986048670148052090e-23
1.670769802970193036e-35
4.566076269656895286e-23
7.858757140912725915e-24
6.417893026007531997e-43
3.504369704701676569e-42
3.674949971224670078e-04
5.748337869412319945e-01
1.103142834569475651e-05
1.768389168889940646e-02
8.231853052269822932e-03
3.258319285285892538e-04
8.953930516418809544e-04
6.509571225252463837e-03
8.680829348520137378e-03
5.838890290619886021e-03
6.030560516363725129e-04
4.369039400812146402e-03
5.846899221880755108e-03
3.918952584213149064e-03
4.470355422065733458e-04
4.010454239545175533e-17
1.204479168545588346e-04
6.869829503383848533e-04
1.845004073468863368e-05
1.871435640543972587e-04
7.920709573818973683e-25
8.685843893298297659e-24
2.280016701126461195e-05
7.173951299363171473e-18
1.753127199490689872e-05
1.413064470146185475e-25
1.526453747512843954e-24
1.071679385114169188e-24
3.430449103468904857e-37
8.199984460932791468e-25
1.406750196053399935e-25
1.311974927445703347e-44
7.163827430949982761e-44
5.891950668177938610e-06
9.215250228852535364e-03
1.757401154662374316e-07
2.818192758222960942e-04
1.319768052690798636e-04
5.223913101870405189e-06
1.424881521437937270e-05
1.035539450796981782e-04
1.381697239910418661e-04
9.288914197568138556e-05
9.949039543633815541e-02
9.960256081519990379e-15
3.731824214749887569e-02
2.092693518852638268e-01
4.158902073951777772e-03
4.197178037930479610e-02
1.960654526033283292e-22
2.150051850095482059e-21
5.556045833287965230e-04
1.842649896281025449e-16
3.951920669580841552e-03
3.623189906168404874e-24
3.913923629465171247e-23
2.747578988462695208e-23
9.440111342708068894e-36
2.029794181559992519e-22
3.606990948458512094e-24
3.601691650619219273e-43
1.966651438635736835e-42
1.440212576186764818e-04
1.884116276551211222e-01
4.284768629123081996e-06
6.828254269319282768e-03
3.216621048369068970e-03
1.276901444555317029e-04
1.739158869064813800e-03
1.531508157316307205e-02
1.703548397587969360e-02
1.375753794870718250e-02
9.959623080395565986e-02
9.969613131438439868e-15
3.738071375580923755e-02
2.096196762067839559e-01
4.163326617229685944e-03
4.201643356601338086e-02
1.962503603504434276e-22
2.152079547260671864e-21
5.564297049328397436e-04
1.845156930250381592e-16
3.956124992047055713e-03
3.628132734981179612e-24
3.919263088695475549e-23
2.751327227594853771e-23
9.451814183806766492e-36
2.031708454435565132e-22
3.611911694318922903e-24
3.606169877260696250e-43
1.969096700871511713e-42
1.442340788619609357e-04
1.886903137424389976e-01
4.291130586846158041e-06
6.838390176795171131e-03
3.221374428465352980e-03
1.278788353257148463e-04
1.739285614945014534e-03
1.531686485917293193e-02
1.703671017683123373e-02
1.375913822856360096e-02
1.179038348212515120e-03
1.037030344509846588e-02
1.154999177023403011e-02
9.315753751275102426e-03
1.346019483674453329e-05
1.189668235958035348e-18
4.001684024958393867e-06
2.282884917787662897e-05
4.938404061273186579e-07
5.009296319111286931e-06
2.594344167829412215e-26
2.844956841864417072e-25
5.357167350092540966e-07
1.707992327962958703e-19
4.692463043246443653e-07
3.799123138154753664e-27
4.103983022479729659e-26
3.201001725133302875e-26
9.831920321945711984e-39
2.685805295126077749e-26
3.782162820614764323e-27
4.120001254246494453e-46
2.249649179127234130e-45
3.928800546840872924e-08
6.145409654483000353e-05
5.895517904368341930e-10
9.450801196757151846e-07
3.520190264813847073e-06
1.393356259454501428e-07
1.611477973422833534e-07
1.634480752129611536e-06
1.562401337851291982e-06
1.466101139481519630e-06
4.791027346729535846e-05
5.328997547182366606e-18
1.997424154196795785e-05
1.120094722985133593e-04
1.780220051890112952e-06
1.796604109831495758e-05
1.153903944376806970e-25
1.265369945538903261e-24
2.081977370838117874e-07
7.890689791317168530e-20
1.691621556769904333e-06
1.745487106397623088e-27
1.885549312347600085e-26
1.470730906216386220e-26
5.558055085364912728e-39
1.194594700441599566e-25
1.737683194079686605e-27
2.313351920026789221e-46
1.263172229088284113e-45
1.541938181009075635e-08
2.017197440924480350e-05
2.293714963120435879e-10
3.655288550297669021e-07
1.377527463330434894e-06
5.468368051681011751e-08
3.151142079757717727e-07
3.880227246593251368e-06
3.086895326598434097e-06
3.485649542517930644e-06
4.597420895045215418e-04
3.662909497809236469e-17
1.230106373883609798e-04
7.017523116198827156e-04
1.423187617059790681e-05
1.443617792181503404e-04
5.445979724677268981e-25
5.972059292717302874e-24
1.764504685826855516e-05
4.930343920561416378e-18
1.352310498823955537e-05
6.498459031175664951e-26
7.019926529962975544e-25
7.391953677838121431e-25
2.067503373946056341e-37
5.637972843877359346e-25
6.469447840991448956e-26
5.294253870981008233e-45
2.890827882183901603e-44
6.039970812935184705e-06
9.447691458736591497e-03
2.263962599422829116e-07
3.629259697374317929e-04
6.764737633853330550e-05
8.032824323719779607e-06
3.713192146992846673e-06
6.276944179700602393e-05
3.600118452824665593e-05
5.630314622228073623e-05
1.248000057786298293e-03
5.041381961067663139e-17
1.669416463882011155e-04
9.523695479208989755e-04
1.287749636128845650e-04
1.306234725498813887e-03
1.997967996798498289e-24
2.190970839076256693e-23
1.916670671670927628e-04
4.525671112869632396e-17
1.223618150737900399e-04
1.073269176027694737e-24
1.159393344523377755e-23
4.070386814730084253e-24
7.703631997615383027e-37
2.068405569541723264e-24
1.068477314113122142e-24
4.436621360010211204e-44
2.422534897874668962e-43
2.463927216161559375e-05
3.854062731028183586e-02
7.335672222732047115e-07
1.175999350128203178e-03
1.287805474318924137e-03
5.825570442279082005e-05
7.021752511470736831e-05
7.024557168726709754e-04
6.808082273110756472e-04
6.300945780331582190e-04
2.566207173161777055e-03
1.022040604553822074e-16
3.433135659065081075e-04
1.958538686978631652e-03
2.648003333486557932e-04
2.686016041135246956e-03
4.052190237042798008e-24
4.443630274910315401e-23
3.939647656666881033e-04
9.171173748213441862e-17
2.516128326095971152e-04
2.175873854256559759e-24
2.350476404043213253e-23
8.250107034377040285e-24
1.537900682997357018e-36
4.195046523438268766e-24
2.166160075957845823e-24
8.860790973483178113e-44
4.838268436552913327e-43
5.056783619799727083e-05
7.909795065382140000e-02
1.516591345509992885e-06
2.431179632762279531e-03
2.643000692330501906e-03
1.195598268986568046e-04
1.450974668623598710e-04
1.451653947213389986e-03
1.406789197731326841e-03
1.302109342059583645e-03
7.405668962009418953e-06
8.238243440923708410e-19
3.085583154252688383e-06
1.730301177947384699e-05
2.751752004021596082e-07
2.777077412823783023e-06
1.783845298447106682e-26
1.956163022508806188e-25
3.218593241729396378e-08
1.219996559059061148e-20
2.614802044268470419e-07
2.698725460723345906e-28
2.915277867603334163e-27
2.273920568511064386e-27
8.594457315324397399e-40
1.846750035256796520e-26
2.686659695598750466e-28
3.577138348445074983e-47
1.953244468072041100e-46
2.383747365241960577e-09
3.118466324126470599e-06
3.545926002581659016e-11
5.650827487621310671e-08
2.129577789743714954e-07
8.453781007896445262e-09
4.871507873288948870e-08
5.998563318069445234e-07
4.772189872693218671e-07
5.388574082623888008e-07
1.050920749372684024e-04
9.288534284639925577e-18
3.124362325927394226e-05
1.782389510254694454e-04
3.855717770111262088e-06
3.911067743405480544e-05
2.025577350912795915e-25
2.221247363603907309e-24
4.182672948167431638e-06
1.333543891449190497e-18
3.663696392438126738e-06
2.966229087868652550e-26
3.204253553863264158e-25
2.499235920421560316e-25
7.676484926149372044e-38
2.096987147214723371e-25
2.952987035023658510e-26
3.216779699947137688e-45
1.756462041226621561e-44
3.067459669879378260e-07
4.798104674978018115e-04
4.602984775568908803e-09
7.378808031776773676e-06
2.748432131890964398e-05
1.087880150590601755e-06
1.258177878662775633e-06
1.276137494785995124e-05
1.219860806879655531e-05
1.144673400066262002e-05
3.346689692498549737e-03
2.666714329776899297e-16
8.954543622286338699e-04
5.108396947146807456e-03
1.036008346517194406e-04
1.050880471563172755e-03
3.964832832784640075e-24
4.347834173293247517e-23
1.284474059951728228e-04
3.589458296842492462e-17
9.844134055225680626e-05
4.731083736828819614e-25
5.110728568154258941e-24
5.381586048959374119e-24
1.505386856816735916e-36
4.104609464008955630e-24
4.709962656918527084e-25
3.854829752898572224e-44
2.104857387560599595e-43
4.396859349610485803e-05
6.877544915802435987e-02
1.647978105157311196e-06
2.641802742250471542e-03
4.924460826958175410e-04
5.847577687726137908e-05
2.702908535667068740e-05
4.569113603910164036e-04
2.620600366813791203e-04
4.098419160579605341e-04
9.894314102562218674e-03
3.997368479107413734e-16
1.323534753260280231e-03
7.550507690972868037e-03
1.020945209896724232e-03
1.035600431113034396e-02
1.584205564046835627e-23
1.737239133973769012e-22
1.519567687011410531e-03
3.588468099521843163e-16
9.701009109472323588e-04
8.510070942781317507e-24
9.192959069267485933e-23
3.227461554720297539e-23
6.109095176384101529e-36
1.640056112507098719e-23
8.472075704478326151e-24
3.518294148601001340e-43
1.921099345376175242e-42
1.953467095609321151e-04
3.055603544897917967e-01
5.815543739192913453e-06
9.323042315716735876e-03
1.021006455645891327e-02
4.618667314903240006e-04
5.566970066971050962e-04
5.569192975831122223e-03
5.397568728826125477e-03
4.995501137639715011e-03
1.217691126797865697e-30
4.850283030393095517e-44
1.629055811110758625e-31
9.293453924412653296e-31
1.256503966734600032e-31
1.274541368096944821e-30
1.923034976855091655e-51
2.108799424377673918e-50
1.869408744728702231e-31
4.352365585272670561e-44
1.193927966325180046e-31
1.032601100180080011e-51
1.115461962292704169e-50
3.915248456541153579e-51
7.299316855062192988e-64
1.990829835881975775e-51
1.027991243646688317e-51
4.205569699707836926e-71
2.296372330489083228e-70
2.399528346017091097e-32
3.753329965107053629e-29
7.196035808719311069e-34
1.153564695358435622e-30
1.254147991877330766e-30
5.673313587217852961e-32
6.884722894784391886e-32
6.887941912393238326e-31
6.675068811067266708e-31
6.178369142185180010e-31
8.535191656383278591e-01
1.738351898745439314e-02
5.316218015106907835e+00
6.110723036817975640e+01
1.389817526964276795e-01
4.102658625940805992e-01
2.095487344320586143e+00
1.000596535552187791e-02
8.968653489235736131e+00
7.822885438113358347e-01
9.781186898930616103e-01
1.605353477688002073e+00
1.620128356664378710e+00
1.379897373550812878e+00
4.792575280637374102e-25
4.640498161664435026e-26
7.773284222883948047e+00
8.916432909606870183e+00
6.930996629122840869e-01
7.421711657548939911e+00
1.561525076550121298e+02
7.744806246964726082e-01
0.000000000000000000e+00
4.369563545350132472e+00
1.480087226960150160e+00
1.095604212088818752e+00
2.138874129935533497e-01
1.732061297753153817e-01
9.817204002240343641e+01
2.028411432381045998e+01
4.190902735572901605e+01
5.626851682083502081e-03
1.191839389177649755e+00
2.143826062208633942e+01
6.543180303985144519e+01
1.933564400955074980e+00
4.907586642552089096e+00
1.615149115785416596e-03
3.656077570493047879e-02
4.352807039705438363e+00
1.041152117001001187e+00
1.398569368479053132e+01
1.449558895315445461e+00
2.643969878641737523e+03
9.921676355916079046e+02
4.964570519891474305e+02
2.226457944727321774e+02
1.035900207105149073e+00
8.007556443985763508e+03
1.559193153596996062e+01
2.288364792821603100e+00
3.065078157415697557e+00
2.854310010557508193e+01
1.384615354517050090e+00
1.384658325406936186e+01
1.013568716657736957e+01
1.580275308217796493e+00
2.293810628942309027e+00
1.868177110550150455e-01
1.042097774842612123e+00
1.813626579647276804e+00
1.600994499243666436e-01
1.865369181286133937e+01
2.346965188371793687e+01
1.589568451224154244e-01
6.524015680318388799e-02
4.620590861245340575e-01
1.036299592651595963e-01
1.819072957007977109e+01
1.414047039728452360e+00
5.847159128500496763e+02
4.540083993355336247e+02
0.000000000000000000e+00
1.799524043732766074e+02
3.412944487161892937e+01
3.250602599292201234e+01
1.839272907920959377e-02
1.121706816355261260e+00
1.057421779849527610e+02
0.000000000000000000e+00
2.293369680368585739e-01
1.374391875291943421e+01
5.746290293822456263e+00
4.515160882629648542e-01
5.648429465697502039e+00
3.315765565794274962e-04
4.107000902382694149e-03
4.373757641462384244e-02
9.839009256867145559e-02
9.579950187649259249e-03
0.000000000000000000e+00
2.833995472098511659e-01
5.855547134761713429e-02
3.770810383485813766e+00
7.151655834968931869e-01
1.933569001949058119e+00
7.204243337271427860e-06
3.147456439385798091e-05
1.941529935314885436e-02
8.481363860479737560e-02
5.836261755981483335e-01
3.243639221271727574e-02
1.614555307376010218e-02
1.386704883329775879e-02
2.348079827706850420e-01
4.516754681830902930e-03
1.060323119173878616e-03
0.000000000000000000e+00
5.664039080648070740e-03
1.724105266210263637e-02
1.157623902257697143e-03
9.813221695428606204e-04
1.745435045757748923e-04
0.000000000000000000e+00
7.120604482959327474e-04
1.581333435062815540e-01
2.500568898238317815e-03
2.231688524660470352e-03
4.611071602321276846e-04
2.468840801954516735e+02
1.111187028612707195e+01
1.200276232287747769e-01
5.891651712193625157e-01
1.217322320606325364e-01
5.519169656845427374e-01
0.000000000000000000e+00
0.000000000000000000e+00
0.000000000000000000e+00
0.000000000000000000e+00
3.645831591215001311e+01
9.000818144674720145e+01
1.249928034344670778e+03
7.612234925477930858e+01
4.551452920444486949e+01
4.293064238629017426e-01
1.206245570995419930e-02
3.923144524536611444e-01
2.825160484031918884e-02
5.240111912635975200e-01
6.337114951025094811e+00
5.845827436866387478e-02
1.177721555258340047e-01
2.267626404689703534e+01
2.033350073132337010e-01
4.508563226985037309e-01
4.973650481437792703e-02
0.000000000000000000e+00
0.000000000000000000e+00
2.063464500864878592e-01
4.682535773061650985e+01
6.871440828524716160e+00
1.560575212573099835e+00
5.344028451761787757e+00
1.225889488584805065e+00
