5.544845405090272834e+03
3.012996273401506073e+02
6.108428894801492426e+00
2.103887789216362023e+02
2.234832379697587967e+00
3.040032670415378981e-138
2.075822315626879460e-227
6.108484204492520497e+00
6.108579762450629502e+00
6.108585595538968072e+00
6.109137146596016699e+00
6.109159234818893225e+00
6.109209888321166737e+00
6.109216840547360583e+00
6.109349757261779423e+00
6.109515339230267017e+00
6.109733771718638629e+00
6.108559915381493788e+00
6.108759818734181835e+00
6.109029990774747176e+00
6.109192439339396152e+00
6.109415881897588108e+00
6.109884683590857790e+00
6.110058806281678301e+00
6.110168050857411437e+00
6.110351044222332995e+00
6.110421083749608684e+00
8.409348849514723945e-01
4.601838237719015012e+01
1.216205762474470333e+02
1.810188233276725063e-07
6.728201735535007556e-12
0.000000000000000000e+00
0.000000000000000000e+00
0.000000000000000000e+00
2.786306771143221700e-02
0.000000000000000000e+00
1.520430462091066248e+00
2.437996416271228206e+00
1.043840043501792839e-02
9.688383735267987185e-03
1.135591357343205487e+01
6.223473909822505590e+01
5.349792574684230501e-02
4.549386170930311279e-01
2.090166590639979560e+00
8.325093371400541287e+01
5.145941148645090113e-01
1.139149823012024321e+01
2.882709994602399295e+00
2.148541827767654240e-03
7.094755339534940752e+00
1.044660053729813143e+02
7.270299902973428097e+00
1.169636550490444682e+00
0.000000000000000000e+00
0.000000000000000000e+00
5.927835782027446321e-01
0.000000000000000000e+00
1.336539808308364456e+02
0.000000000000000000e+00
0.000000000000000000e+00
0.000000000000000000e+00
1.844630905693560030e-01
0.000000000000000000e+00
1.364930975796579560e+01
0.000000000000000000e+00
0.000000000000000000e+00
2.229626532923341564e+00
0.000000000000000000e+00
0.000000000000000000e+00
3.109585347069609540e+00
9.555455176933401740e-01
6.082338423590633036e-01
1.588344293898409099e+01
5.676544731277417100e+01
7.856513663959580640e+01
0.000000000000000000e+00
0.000000000000000000e+00
2.209928484556555451e-17
8.079963788075987807e+00
2.250091250593084775e-16
7.592337704538471764e-20
5.383753338958249257e-01
1.083722832681872267e-19
2.669459744395443579e+01
6.402296446657177797e-21
3.739351649680268592e-04
8.583018937106373647e-01
9.863954109672850960e-04
8.122047015636684364e+01
4.795665648436834780e-03
1.423968990030192278e-04
4.776542037911057292e+01
2.147168156747806383e-08
4.021877438394820645e-04
1.017848704409119358e-07
5.537884301746661464e+00
4.936296615578931020e-05
6.443428953470696570e+02
2.870662411239128851e-06
1.107095980654287937e+00
5.082738634471056827e+01
5.444791706990387146e-05
1.042550802769858954e-06
1.434407789036953496e+01
4.213784086474817148e-05
8.879066628301590924e+01
2.924165791357717370e-08
8.554518488358730296e-05
1.135963710054423061e-03
2.046648403927764370e+00
6.551327056269402350e-03
4.080094864026133123e-05
2.352796445751578649e-04
5.263585940698923328e-08
3.034550500367871530e-07
2.259996089928182300e+03
3.757744709890225076e-07
3.732679260482608632e-05
1.559691162932819680e+04
3.347098515722073293e-03
3.345759134993305656e-02
1.481496637034111245e+03
3.179292971668895096e-04
2.521303558039137815e-03
2.341562054959107301e-03
4.176553010155277801e-01
1.544647618344864534e-06
4.334999351875432408e-03
4.418798591229529116e+00
1.510970836089420288e-03
1.752338276325962748e-03
1.304825630096542396e-04
5.142145090698368309e-02
1.553465690809385270e-02
2.037008401918376954e+00
6.193550988153091047e-02
2.593556402047493895e-02
4.966994769729587977e-03
2.503502565675669533e+00
1.048414416392615234e+00
1.996463184910793887e-01
3.723972342727229629e-02
5.218778531704877136e-08
1.505296740390715815e+00
9.877283781061585791e-04
1.750728155074342818e-01
6.818230264151462416e-04
2.127932147695221321e+00
1.642829484084618475e-03
9.999997920438336507e+01
9.999999944344574487e+01
9.999999805255322372e+01
9.999999984927602270e+01
9.999999996218360820e+01
9.999999969401748956e+01
1.720999999697676913e+03
1.275478621790421783e-02
3.382658752140134655e-03
3.117918765179950383e-02
8.269375268682732996e-03
7.628072278880503390e-04
2.110756541851053393e-29
5.606200589107702196e-30
4.236124636766175342e-21
2.001740695681131362e-04
4.632392219782513736e-04
1.644531081683044992e-05
2.152601346798747525e-02
2.967789380815324257e-02
6.387940266868406576e-06
2.468119582071501332e-05
1.868648289357914971e-06
6.299301350792941740e-32
9.721318166863761885e-07
1.261813556431581686e-06
4.448463453868287430e-32
5.474508136834777477e-33
3.774641159451204188e-58
3.204224330415844518e-08
3.101368788322097422e-09
1.343025943071850237e-04
1.701232684912074814e-04
2.976621281062158952e-01
4.823434194501184658e-02
1.632572707657142173e-27
5.893028587316094802e-01
4.575893600138017381e-02
2.306451954457571646e-02
2.675200058895320018e-02
1.198533087859503068e-21
7.502939816405577826e-03
1.144857582384354059e-03
3.700601610926738375e-29
1.364226589627125837e-03
1.087819079649210907e-03
3.659411783280257387e-04
2.136631190777694058e-22
6.581789266049267384e-30
4.827004277028542453e-29
7.555099050543318876e-48
3.830968542479932420e-29
6.552711921326068097e-30
4.524198241164175161e-55
2.202654789313736241e-04
1.656442728431951547e-02
1.860693267001587304e-04
8.813121766561535534e-04
6.416052463336133563e-03
4.281438383941846976e-02
1.161421566289804787e-02
4.058265124457142394e-28
1.994504483086020647e-03
7.108784655538548266e-29
2.469787499849472944e-54
3.445003210290324414e-01
1.046749434602703959e-05
4.702293736181701288e-03
8.511003768355751911e-03
5.745541329892652101e-03
3.383168782294063170e-04
8.270222364648721625e-04
5.599395599881135662e-31
2.662943108499828473e-02
1.193191348237901934e-21
7.409187550311798105e-03
4.228829064686836364e-02
1.139534046425931882e-03
1.156047631053951259e-02
3.684185070280921881e-29
4.040261922375013162e-28
1.363343056288402909e-03
2.135936536770186110e-22
1.082760629810124078e-03
6.579762296509518400e-30
7.106595401616916229e-29
4.825103658353730514e-29
7.553604551281882945e-48
3.813973661492735213e-29
6.550693901612970282e-30
4.523546619173529802e-55
2.469431779445744160e-54
2.201280265844930608e-04
3.443079057391538189e-01
1.045970966524753924e-05
1.655216951702155950e-02
4.699341930981205430e-03
1.859519207549590757e-04
8.808827898036097068e-04
6.411130998914086991e-03
8.506864182991805134e-03
5.741133425923240080e-03
6.035023024516295064e-04
4.376198861809090651e-03
5.828158785340076774e-03
3.918869084892423124e-03
4.111728846620040932e-04
2.079452135828878788e-23
1.153074245144118627e-04
6.579825917915602985e-04
1.759433700852652821e-05
1.784888523604685859e-04
6.394564494583202843e-31
7.012598596345322189e-30
2.096746571256887889e-05
3.707066619042633593e-24
1.671774123673493080e-05
1.137324374717048015e-31
1.228389265886849975e-30
8.341821659877876736e-31
1.497908838309001189e-49
6.619827381667209204e-31
1.132299545654290948e-31
8.928429509311026810e-57
4.874089157530034517e-56
3.389362099740473186e-06
5.301041157027135478e-03
1.608612946005108187e-07
2.545612523189271360e-04
7.239164465876142323e-05
2.864534221177113955e-06
1.354386816517066069e-05
9.860199030797879593e-05
1.307969653299621783e-04
8.829799521478460449e-05
9.534291290736025826e-02
5.381258395405217048e-21
3.723674637483293665e-02
2.089481864951951706e-01
4.129301625935792065e-03
4.168216174232371868e-02
1.648882130379005193e-28
1.808246166699175374e-27
5.310185690202521040e-04
9.899027053089526349e-23
3.923672556836631936e-03
3.031321473075677710e-30
3.274038609630667031e-29
2.223272445109651261e-29
4.287328216652337884e-48
1.706965779828267623e-28
3.017928372082359370e-30
2.548903916897137133e-55
1.391464442897956163e-54
8.591875004800693871e-05
1.200005237127941549e-01
4.075464578486475827e-06
6.410914522203078718e-03
1.832401477538466014e-03
7.262722547721522156e-05
1.420290328669746418e-03
1.472862760272976995e-02
1.368862942075472697e-02
1.319339244980855669e-02
9.544445350131003369e-02
5.386316109521308261e-21
3.729909082450687946e-02
2.092980232875534252e-01
4.133699835592146918e-03
4.172655835235188071e-02
1.650438377794125730e-28
1.809952825331735677e-27
5.318082189804835278e-04
9.912508468758853292e-23
3.927851751537127234e-03
3.035461766171009350e-30
3.278510412858843831e-29
2.226308858196069911e-29
4.292647004374961354e-48
1.708576849866250581e-28
3.022050373161261471e-30
2.552076101975474723e-55
1.393196159682970993e-54
8.604640351792333533e-05
1.201788310382766733e-01
4.081525510356298704e-06
6.420448562531521838e-03
1.835123008230995665e-03
7.273509300763719644e-05
1.420415169880907477e-03
1.473038225820402954e-02
1.368983247287646442e-02
1.319496413182296400e-02
9.790513993111393722e-04
1.015321381392332925e-02
9.436019202361714542e-03
9.094901118051935268e-03
1.393523212888735137e-05
6.940756581807313807e-25
4.308045103961871038e-06
2.458837228369208973e-05
5.300623145241895153e-07
5.377437240627564119e-06
2.357354774090965747e-32
2.585193345113091336e-31
5.549030967086914831e-07
9.939836463583968955e-26
5.036537561027210682e-07
3.444670823368122148e-33
3.720481194063426366e-32
2.806748146459202664e-32
4.835381706742628665e-51
2.440401012515333490e-32
3.429452785263565234e-33
3.158917258292540696e-58
1.724472265856223712e-57
2.559899005557962516e-08
4.004003849534576892e-05
6.080732526615537637e-10
9.622573171377971698e-07
2.185975573709269522e-06
8.649857033413267444e-08
1.754260491305172333e-07
1.780902956268965461e-06
1.694129251838659735e-06
1.594791709967262347e-06
4.994413175521828229e-05
3.131895659576341589e-24
2.168048002087969638e-05
1.216566277007717878e-04
1.922738242709486072e-06
1.940858133132486606e-05
1.055617749652354557e-31
1.157642935366597027e-30
2.164555285868707988e-07
4.611193514325621739e-26
1.826990606575396738e-06
1.588569806718966484e-33
1.715766185031725122e-32
1.294566786455648200e-32
2.745877148371591533e-51
1.092803022898873627e-31
1.581551126795203936e-33
1.780891023497139583e-58
9.722008421998906518e-58
1.000641631933163849e-08
1.397570719079352239e-05
2.373220484752085998e-10
3.733197338561732745e-07
8.536328454344283739e-07
3.383373444362087838e-08
2.846368115691037147e-07
4.132540708068467896e-06
2.743306873578236258e-06
3.701788408397940901e-06
4.436049907032443796e-04
1.992017840818088559e-23
1.234253394669763981e-04
7.044559666172709161e-04
1.423712256525625630e-05
1.444344001873198665e-04
4.612707203023537117e-31
5.058525796813986181e-30
1.703420939530878733e-05
2.674570313517108098e-24
1.352780593518097233e-05
5.492305350026890002e-32
5.932067240192400687e-31
6.041677116674581276e-31
9.479556538097367474e-50
4.775206198034304476e-31
5.468041150132848758e-32
3.784352291091300972e-57
2.065901102589156158e-56
3.667617718829503120e-06
5.736615177008204565e-03
2.176163182867051116e-07
3.443712492803231088e-04
3.914891297505111489e-05
4.647341590684932705e-06
3.767185331760065060e-06
6.373998930793451777e-05
3.638057050690557967e-05
5.707891816080161820e-05
1.313668618983547184e-03
2.994361997461843976e-23
1.827503821397806179e-04
1.043056107695436658e-03
1.405349457651572636e-04
1.425714999101713705e-03
1.848107219697741818e-30
2.026726919302963781e-29
2.018438016563565572e-04
2.681156381449711566e-23
1.335332451408075796e-04
9.905733874391463575e-31
1.069887417086768571e-29
3.633069401694981867e-30
3.861987575571094274e-49
1.913213067244406397e-30
9.861971480446036543e-31
3.467239712765025451e-56
1.892787601061265251e-55
1.631072346516022756e-05
2.551202228529126162e-02
7.688091111699396557e-07
1.216619713745244712e-03
8.125360831148990652e-04
3.674500463392121175e-05
7.769028083278540836e-05
7.779725438565429554e-04
7.502736940342375014e-04
6.966718955440056498e-04
2.502461678310863736e-03
5.616458244348547801e-23
3.481332385668502844e-04
1.986986953500059772e-03
2.677146517850449410e-04
2.715942427677466627e-03
3.468161860680052769e-30
3.803360039276949554e-29
3.843697338111731949e-04
5.027223733069342476e-23
2.543766729204585100e-04
1.858261380220191673e-30
2.007049996887928562e-29
6.813741300224394409e-30
7.124087345528521134e-49
3.590340194920959706e-30
1.850051855377055752e-30
6.399127306353824624e-56
3.493322794893463693e-55
3.103257288176264832e-05
4.853884514766008268e-02
1.473367399126372186e-06
2.331559269235196612e-03
1.545822053301420000e-03
6.990610046657110216e-05
1.487802406304751220e-04
1.489848667893820758e-03
1.436804773159895557e-03
1.334153797143679656e-03
7.851561321599876474e-06
4.924165496593730062e-25
3.406216013134134927e-06
1.911344913504862549e-05
3.022676524141929955e-07
3.051162234027498200e-06
1.659702866693730756e-32
1.820112724279274487e-31
3.403254074263549133e-08
7.250915652392140136e-27
2.872154662859863455e-07
2.497952135796168953e-34
2.697962526414176590e-33
2.035646256677382848e-33
4.318299652250837007e-52
1.718167687302062802e-32
2.486915587417817839e-34
2.800704701203092254e-59
1.528924249520924939e-58
1.573275637971392472e-09
2.197353764224801606e-06
3.731330547853232060e-11
5.869574112238694199e-08
1.342139291657113756e-07
5.319568574031718945e-09
4.475243725809941563e-08
6.497447291268172918e-07
4.313204235629988444e-07
5.820190750877594419e-07
1.106543417816615405e-04
5.511423485930445257e-24
3.420853620787527651e-05
1.952468470382944248e-04
4.209021825658259514e-06
4.270016956701429381e-05
1.871896492919647895e-31
2.052815473251099594e-30
4.406273600535815690e-06
7.892893975924435024e-25
3.999321577430751621e-06
2.735298143651030794e-32
2.954309954637357505e-31
2.228745168044766631e-31
3.839639503489268082e-50
1.937840730013287920e-31
2.723214007417948679e-32
2.508406126995491602e-57
1.369354257800769849e-56
2.032718291040172180e-07
3.179426940171082541e-04
4.828464945331073763e-09
7.640898046254437562e-06
1.735799982047274461e-05
6.868522166899719998e-07
1.392988059893505021e-06
1.414143776137351094e-05
1.345240249432525058e-05
1.266360282881171915e-05
3.501778351017442639e-03
1.572660070889150603e-22
9.743085619176939174e-04
5.560912216340694811e-03
1.123865676809815862e-04
1.140152190808784317e-03
3.641631248561602464e-30
3.993595257579628839e-29
1.344668738279168683e-04
2.111527606107655049e-23
1.067872857381495780e-04
4.336065762502591617e-31
4.683249025006342820e-30
4.769792486215837485e-30
7.484814985634114353e-49
3.769920639494495868e-30
4.316909658566876471e-31
2.988016894111096914e-56
1.631176731429537601e-55
2.895210600406042175e-05
4.528473343140081847e-02
1.717766959155262610e-06
2.718314360502314519e-03
3.090409363087427328e-04
3.668604538811437638e-05
2.973665538177488953e-05
5.031380065674937070e-04
2.871736859745823637e-04
4.505581747184793135e-04
1.129402613168514410e-02
2.574667038337959169e-22
1.571162884730647547e-03
8.967483511604897387e-03
1.208223401172533800e-03
1.225732300920679037e-02
1.589067106215554892e-29
1.742650559391852986e-28
1.735320008958711859e-03
2.305367264674900649e-22
1.148027563723590409e-03
8.517319447644025460e-30
9.199291062625954329e-29
3.123854746295432422e-29
3.321117506525104075e-48
1.645047384766330065e-29
8.479690906888272912e-30
2.981642295936983870e-55
1.627696969571418341e-54
1.402298279579588549e-04
2.193370823769583977e-01
6.609373708741638868e-06
1.045915607915449269e-02
6.985702016876711717e-03
3.159116975357281168e-04
6.679303887841934887e-04
6.688500793563414634e-03
6.450364135133066293e-03
5.989530823295797710e-03
3.865202342488183081e-31
8.676031958970719589e-51
5.377126376432045276e-32
3.069020347529252922e-31
4.135013091614205904e-32
4.194935694859574308e-31
5.357427097994127210e-58
5.875222943190413298e-57
5.936837691915403501e-32
7.765832663455689490e-51
3.929000016709708023e-32
2.870548698119763665e-58
3.100389870062215588e-57
1.052554557152467146e-57
1.100633297525968241e-76
5.546161511289035959e-58
2.857867036381395505e-58
9.886269941824851694e-84
5.396975324794073661e-83
4.793202156226254312e-33
7.497170735205544294e-30
2.275593466711149145e-34
3.601057777649916620e-31
2.387633613057236658e-31
1.079750124529625780e-32
2.297901639622174191e-32
2.301062107250566476e-31
2.219136131491190508e-31
2.060592347503247072e-31
8.691043801670056412e-01
1.685101769738143324e-02
5.361575401525100482e+00
6.173711744788157318e+01
1.511839867036015583e-01
4.005621994711570655e-01
2.124515363114914734e+00
1.087013184441455900e-02
9.029750518772292622e+00
8.651124065341642133e-01
8.435815299606239659e-01
1.644890863697369809e+00
1.933618013198172392e+00
1.076761131237222058e+00
1.560013578496808152e-25
1.010902714117616135e-26
5.664583863444749845e+00
9.195992069992794171e+00
5.209146462573140957e-01
6.380664576806479360e+00
1.588124613637188531e+02
7.776041011481179543e-01
0.000000000000000000e+00
4.407047670535501283e+00
1.663104025039135792e+00
1.058166483857450491e+00
2.439400630260944447e-01
1.639806441981485063e-01
1.022575950028730034e+02
1.992002813338448064e+01
3.879772748254872994e+01
4.183618161941195755e-03
1.069745412441840182e+00
1.924472740826674766e+01
6.536983849418669479e+01
1.733922419677702109e+00
4.400088910355751004e+00
1.448320721472993663e-03
2.932964487919424365e-02
4.474554112004329731e+00
9.605183311617089270e-01
1.337074063354840270e+01
1.278141724782718258e+00
2.655500338901217674e+03
7.832783846232578071e+02
3.919002515951418104e+02
2.431277647915237026e+02
7.553263349011710703e-01
8.683422404230357643e+03
1.350042597495920838e+01
2.298815711011979790e+00
3.009291921900094202e+00
3.126718085566511718e+01
1.210889964552340770e+00
1.210955508566116556e+01
1.041590440113552773e+01
1.406096167485022530e+00
1.987124558315768175e+00
1.895175383591805596e-01
1.037565918467819648e+00
1.831300254946781836e+00
1.375108348075633480e-01
2.023269296467368861e+01
2.226058553078539504e+01
1.596371009983178213e-01
7.233705908351774350e-02
4.482992622699699115e-01
1.154096527483749468e-01
1.872681139737717260e+01
1.060754842110963603e+00
5.104468823824845458e+02
5.294689134283777321e+02
0.000000000000000000e+00
1.871677554519663431e+02
3.309535384779404410e+01
2.917757008465743240e+01
1.598860477503304470e-02
8.450645642577137018e-01
1.067866564459917100e+02
0.000000000000000000e+00
2.610104319000843276e-01
1.481793429073720603e+01
4.834043403426437457e+00
4.802046777310877146e-01
4.686817528868454374e+00
3.490130800100428219e-04
4.010123906532639740e-03
4.411354828099299519e-02
7.520660318929169030e-02
8.269380353575443016e-03
0.000000000000000000e+00
2.794706557282257142e-01
5.444156394738915855e-02
3.630835533116538283e+00
6.420111779707857735e-01
1.733933910282124069e+00
5.792049630757255523e-06
2.533571647034331704e-05
1.789440376746395667e-02
7.826498769408060663e-02
5.105775074465637164e-01
2.821362578438181556e-02
1.410450653065673660e-02
1.213006678476099935e-02
2.227342051590148753e-01
4.379835564263006437e-03
1.055280472732073992e-03
0.000000000000000000e+00
4.700585010841616847e-03
1.450485438663883658e-02
8.800631454846968198e-04
8.468169461263434132e-04
1.258418651866071347e-04
0.000000000000000000e+00
5.127696082417306867e-04
1.550120014814705682e-01
2.402822838101957396e-03
2.233696971732878917e-03
4.351296041620195945e-04
2.558257269704489545e+02
1.224719638834778479e+01
1.119640512437818369e-01
5.724559984235764176e-01
1.115158247301097638e-01
4.794467716517106792e-01
0.000000000000000000e+00
0.000000000000000000e+00
0.000000000000000000e+00
0.000000000000000000e+00
3.552620516405679751e+01
9.088359204128502711e+01
1.249954855064348294e+03
4.702394552821127782e-03
4.175124539608527385e+01
2.433740805638621718e-01
4.212383146515947911e-03
3.855116493373504372e-01
4.516188876785521764e-03
2.835069641729794920e-01
5.518816310298663375e+00
5.746401993002554776e-02
1.102571051928807472e-01
1.972767101827407643e+01
2.053270831338303015e-01
3.894580460901956309e-01
5.373580214630183649e-01
0.000000000000000000e+00
0.000000000000000000e+00
1.725968856426441378e-01
6.003894847119292990e+02
8.382758221890421524e+00
1.720514026673875430e+00
5.458486494426773916e+00
1.121239274031165412e+00
