4.232719168685292061e+03
2.998591968423867797e+02
6.153767094184363629e+00
2.089049588048422663e+02
2.235582164316038956e+00
8.064427677681819108e-107
1.033212643851999326e-187
6.153842303020257809e+00
6.153972276988557866e+00
6.153980211049050020e+00
6.154731664936457847e+00
6.154761760751322974e+00
6.154830788036184330e+00
6.154840262273539864e+00
6.155021468887455605e+00
6.155247321775887848e+00
6.155545461586025446e+00
6.153945292627111208e+00
6.154217337892745832e+00
6.154585307363045210e+00
6.154806667212589844e+00
6.155111346042799525e+00
6.155751512375387868e+00
6.155989411529582789e+00
6.156138720066372194e+00
6.156388966864345669e+00
6.156484768215036318e+00
8.346228457762289166e-01
4.573136766159448285e+01
1.208593283199740114e+02
6.745736594207544280e-06
3.861023847350341621e-10
0.000000000000000000e+00
0.000000000000000000e+00
0.000000000000000000e+00
2.766076533296673093e-02
0.000000000000000000e+00
1.510995512979412592e+00
2.418625482369741064e+00
1.079967497773917998e-02
6.640670303452689618e-03
9.394364241558504247e+00
5.643645555456634355e+01
6.197540933251333151e-02
8.242053448456108100e-01
1.654184874467448774e+00
4.683611679729052790e-01
1.171821681224840539e+00
1.140935680298196964e+01
2.114198680089841353e+00
3.440591866432903684e-02
7.160608785509168683e+00
1.050617346696089953e+02
7.269585207750096423e+00
8.903725599089081788e-01
0.000000000000000000e+00
0.000000000000000000e+00
2.347026547398291807e-01
0.000000000000000000e+00
1.327830611924458140e+02
0.000000000000000000e+00
0.000000000000000000e+00
0.000000000000000000e+00
1.844638252079010277e-01
0.000000000000000000e+00
1.376185005788913784e+01
0.000000000000000000e+00
0.000000000000000000e+00
2.225202933052635945e+00
0.000000000000000000e+00
0.000000000000000000e+00
3.142884321189305830e+00
6.026305967020638699e-01
3.658849228362661687e-01
8.669522449447891077e+00
5.486759929809370107e+01
7.182161026499328216e+01
0.000000000000000000e+00
0.000000000000000000e+00
2.209929244953179983e-17
8.050523627193145515e+00
2.241915414218107684e-16
7.569873372759064583e-20
5.344483622886675445e-01
1.072623722591665920e-19
2.660536578819922582e+01
6.362015817033213178e-21
3.683596400961563783e-04
8.512832731073151082e-01
9.637560289667488874e-04
8.096642108758345557e+01
4.709507183421267687e-03
1.399133941751438059e-04
4.772203321462788495e+01
2.107803448544913661e-08
3.941248118374428484e-04
9.941089741676653377e-08
5.503710740706256210e+00
4.820269849469165573e-05
6.418858535892488817e+02
2.809840085720686347e-06
1.099823843076930263e+00
5.062120547833208661e+01
5.342110637451525740e-05
1.024513272243627604e-06
1.432831252185028603e+01
4.136624182212040988e-05
8.847395546920638765e+01
2.863323856599304561e-08
8.307703390381438488e-05
1.103111113083154972e-03
2.044401496783478045e+00
6.352527766564693840e-03
3.847509005893757529e-05
2.214376274921892864e-04
4.680576353530963854e-08
2.690670276649243859e-07
2.259996580024600462e+03
3.341520062461088460e-07
3.245584627241738428e-05
1.556408657783845774e+04
2.904188984165285980e-03
2.901683561650611823e-02
1.477284990920413293e+03
2.756547740120091766e-04
2.156461774649220346e-03
2.030300843011410318e-03
4.672151085708973195e-01
1.498242908264073653e-06
3.840748151867805823e-03
4.478610225411711276e+00
1.257561432526332380e-03
1.447719240687076912e-03
1.090277114702749588e-04
4.233926044693856611e-02
1.286337825484650497e-02
2.023901874230086939e+00
6.015380385897363402e-02
2.577249628120584224e-02
4.935822601427508789e-03
2.427653318624315659e+00
1.040654732402042759e+00
1.981714384084287683e-01
3.619591946471418381e-02
5.054403172254955000e-08
1.460779086419750294e+00
1.011318066726791176e-03
1.792778695407250544e-01
7.128105771219831518e-04
2.192542621985996476e+00
1.680788010063075490e-03
9.999998675159316974e+01
9.999999963361666744e+01
9.999999856793358788e+01
9.999999991545014666e+01
9.999999997066807111e+01
9.999999977422520203e+01
1.720999999825397481e+03
1.275895795603606241e-02
3.564543660980740939e-03
3.184116815297236003e-02
8.896150831461242109e-03
7.630371202944236661e-04
7.561865074294917798e-25
2.115749057463113686e-25
2.121893037903229750e-16
2.293388010896357809e-04
4.666769664504390614e-04
1.827085029204064440e-05
2.145031247014279885e-02
2.957517905729736482e-02
6.418624386357331007e-06
2.532219434540201425e-05
1.874108504683013187e-06
2.257833404110316823e-27
1.013850405253794288e-06
1.290204214217306712e-06
1.625502725015665041e-27
1.958820017866030988e-28
4.829457132927664501e-49
4.277916174825857294e-08
4.327276221078059205e-09
1.333676106766349507e-04
1.703172679856445964e-04
2.979229257713802981e-01
4.828943469779282266e-02
5.845197552934114567e-23
6.802978311243239595e-01
4.609691894949024399e-02
2.699030453703693544e-02
2.744852091420924012e-02
6.010427787468352558e-17
7.539654199897390108e-03
1.148240015952572838e-03
1.326421122928584313e-24
1.394943829997993563e-03
1.090982710372064663e-03
3.667732011429395236e-04
1.069822748182042337e-17
2.355043700608322473e-25
1.763793650587422625e-24
1.353106983422280328e-38
1.373090252546943610e-24
2.344599965469589483e-25
5.788456240346429233e-46
2.940738670181947622e-04
1.690082765316852989e-02
2.596198694343035732e-04
8.840196549128822743e-04
6.446234914949196607e-03
4.301079538251317141e-02
1.164778722764202822e-02
1.454579887825342184e-23
1.999053276376341285e-03
2.543900499224593401e-24
3.160382775188054229e-45
4.599413604079719553e-01
1.062272777359334892e-05
6.559738902972006049e-03
8.550644672389683468e-03
5.777245001462613314e-03
3.565028686708393308e-04
8.896903096854818496e-04
2.113145338661813636e-26
2.732359475735158735e-02
5.983791752517047562e-17
7.446039919169544080e-03
4.248567615155212501e-02
1.142933472087650929e-03
1.159422348986711461e-02
1.320567630750952689e-24
1.448160829939275756e-23
1.394044745949676693e-03
1.069462197040220397e-17
1.085940643197617645e-03
2.354286481682661948e-25
2.543082572311259786e-24
1.763090217909669477e-24
1.352826352107820904e-38
1.367030809859601266e-24
2.343846103076092389e-25
5.787539759247521731e-46
3.159882410622923297e-45
2.938937244672096792e-04
4.596976964032019053e-01
1.061490779887086371e-05
1.688845421075899772e-02
6.555718292024934925e-03
2.594601944358831242e-04
8.835937074024615952e-04
6.441344086399064875e-03
8.546532402728629005e-03
5.772861202690019074e-03
6.009329376223523575e-04
4.365474239042440620e-03
5.812555272779196432e-03
3.912445977097640283e-03
4.228940218784902781e-04
1.045139069218838903e-18
1.161129817548942880e-04
6.623763985012071868e-04
1.768286964752244933e-05
1.793754589045667817e-04
2.297534071585982526e-26
2.519520177016632940e-25
2.149055922842799942e-05
1.860217462688752735e-19
1.680112470108116406e-05
4.079063659603657807e-27
4.406184051323586123e-26
3.056454491619503598e-26
2.689713009367728713e-40
2.378373776742220551e-26
4.060973769675429720e-27
1.145515110173478070e-47
6.254305992119087110e-47
4.554853763672486024e-06
7.123944449188889319e-03
1.636821039253258165e-07
2.604598415903328448e-04
1.016295216247987466e-04
4.022282764397046863e-06
1.361445769061839704e-05
9.927892405132797546e-05
1.316897440261337456e-04
8.897724362821491794e-05
9.725663204295982578e-02
2.682721333345781354e-16
3.718542355877222511e-02
2.085801458927053209e-01
4.116413466336251055e-03
4.154878594391453461e-02
5.877252737405539389e-24
6.445105074158769768e-23
5.407092004549554805e-04
4.933982504450425981e-18
3.911261041429267213e-03
1.079976835182363288e-25
1.166586810704196240e-24
8.093525981183437394e-25
7.647491303324533320e-39
6.084053241332429510e-24
1.075187231093924816e-25
3.248892393431591653e-46
1.773839950642265834e-45
1.149002730625503689e-04
1.551556921250222820e-01
4.120387597622058645e-06
6.517091058413487618e-03
2.558034055104833285e-03
1.014750079401871905e-04
1.450659015582840116e-03
1.481323565059376388e-02
1.402724542438991973e-02
1.328307656087938937e-02
9.736016496665024500e-02
2.685242283212401951e-16
3.724767780814591117e-02
2.089293433533427058e-01
4.120797506267872938e-03
4.159303607573768685e-02
5.882797775758878894e-24
6.451185870677913403e-23
5.415130222146700761e-04
4.940701417074337928e-18
3.915426586716063383e-03
1.081451592303577361e-25
1.168179835033136518e-24
8.104574248881143445e-25
7.656975763962574402e-39
6.089793383566485748e-24
1.076655448001540704e-25
3.252933999650461074e-46
1.776046594032337007e-45
1.150704086770542824e-04
1.553855625980085364e-01
4.126512193454198420e-06
6.526777055510973521e-03
2.561821106619241364e-03
1.016252351063032309e-04
1.450784005895302793e-03
1.481499408638182504e-02
1.402845182195117633e-02
1.328465296623991369e-02
9.923862813063023033e-04
1.013262173225397932e-02
9.596095279963504435e-03
9.085981119738488140e-03
1.371105124082177109e-05
3.337732521842165357e-20
4.151596103547307940e-06
2.368821106031953846e-05
5.098009454184747341e-07
5.171557417154056415e-06
8.102570066356362340e-28
8.885440089890784638e-27
5.440880911948532663e-07
4.772375065769330309e-21
4.843795200590062270e-07
1.181885369935304898e-28
1.276663708085221121e-27
9.834457005586950679e-28
8.304153702672981690e-42
8.387652901920006829e-28
1.176644149994204395e-28
3.875522424822419547e-49
2.115958725508524540e-48
3.277366024237687346e-08
5.126334756536774927e-05
5.917444527281776669e-10
9.414735346593374679e-07
2.924255734846939183e-06
1.157352919077996142e-07
1.675026927672905745e-07
1.703551642706616489e-06
1.620178757460666158e-06
1.526765206634537295e-06
4.885357261626156451e-05
1.497200928867541182e-19
2.076114083758561228e-05
1.164532063214430757e-04
1.837992294862314923e-06
1.855167104205118574e-05
3.608049495936215819e-27
3.956654437193032943e-26
2.113507322365200324e-07
2.203938665156550181e-21
1.746391054179755924e-06
5.427124343168047627e-29
5.862358769789194054e-28
4.519084627273468797e-28
4.696716322154986093e-42
3.735004465037809460e-27
5.403055515510639740e-29
2.176707825481446035e-49
1.188445423341451676e-48
1.283191866925122923e-08
1.732760138199204811e-05
2.300805898139829388e-10
3.639113991703805451e-07
1.142711993881957039e-06
4.533040020098909769e-08
2.766608907037049037e-07
3.954728087624737983e-06
2.675232924995717114e-06
3.546227832999447403e-06
4.515894846302830772e-04
9.910414671969296025e-19
1.230631525004504160e-04
7.021746983983749016e-04
1.416722206972352281e-05
1.437160953004511287e-04
1.640248604524387469e-26
1.798729350678282134e-25
1.728080332895969934e-05
1.328501921966567906e-19
1.346076812004614839e-05
1.949562538697540658e-27
2.105902888322965933e-26
2.190084587769411276e-26
1.684111083034854894e-40
1.697959540897165071e-26
1.940916952793511961e-27
4.802901248259086468e-48
2.622289346272841235e-47
4.858477209724657822e-06
7.599450468425167360e-03
2.191169318627712467e-07
3.486188139229700667e-04
5.418789938323366083e-05
6.433896214826246294e-06
3.721734377799566449e-06
6.308525235809775346e-05
3.599869229764233227e-05
5.653858034312532168e-05
1.281221613121356993e-03
1.426318930489325891e-18
1.745644452446820974e-04
9.960306142325174583e-04
1.339738092425162995e-04
1.359066023860654691e-03
6.292328030952179499e-26
6.900292002137800681e-25
1.961738015282786518e-04
1.275075295124499313e-18
1.272931688247502162e-04
3.366596847696852296e-26
3.636573711070478544e-25
1.260995394142758860e-25
6.564924539364422056e-40
6.513719750946380046e-26
3.351667172715583898e-26
4.210645882508849899e-47
2.298930326549020580e-46
2.071017947670913262e-05
3.239409928582540066e-02
7.418353868811078874e-07
1.180295267010997556e-03
1.077972318748870572e-03
4.875848514267037032e-05
7.354524543340421950e-05
7.378036285904743599e-04
7.113736146972082352e-04
6.612394144891251945e-04
2.532068965958353401e-03
2.777532549070935815e-18
3.450088521989518693e-04
1.968554232715124478e-03
2.647863986258476988e-04
2.686064157232567404e-03
1.225885258186907960e-25
1.344330238485685887e-24
3.875722572877558065e-04
2.482191471637729967e-18
2.515827228423655310e-04
6.556723310734933320e-26
7.082523492982269531e-25
2.455199402919498654e-25
1.258196394153127363e-39
1.269017122418201440e-25
6.527646680268825679e-26
8.073614297127254146e-47
4.408034128234211049e-46
4.085946437113489795e-05
6.391086380104385456e-02
1.474488658083779571e-06
2.345935899225939317e-03
2.126675733797460909e-03
9.619305097485077009e-05
1.460905106427439425e-04
1.465569291955271273e-03
1.413068837145398321e-03
1.313479781577887471e-03
7.596671091390694685e-06
2.328416952898543319e-20
3.226337454700412443e-06
1.809714319531405865e-05
2.858054290462180137e-07
2.884760892227815769e-06
5.611145469886383317e-28
6.153286875007836480e-27
3.286887726861532857e-08
3.427948572618163789e-22
2.715615546736832641e-07
8.441175683927273514e-30
9.118125415808884605e-29
7.028843016166293594e-29
7.306029099406226063e-43
5.808582568485154335e-28
8.403739797330954698e-30
3.385989262284209966e-50
1.848692509834983806e-49
1.995608018915718178e-09
2.694770204262282834e-06
3.578171714807426123e-11
5.659485190136965458e-08
1.777135506610409311e-07
7.049743562276469118e-09
4.302583775293051364e-08
6.150318718767993061e-07
4.160478032012837688e-07
5.515026968993581636e-07
1.076913182116911647e-04
2.621586428752831556e-19
3.260806476778221901e-05
1.860553630623065031e-04
4.004152092618028263e-06
4.061919193947450564e-05
6.364076080698748763e-27
6.978972878696692541e-26
4.273455825717478399e-06
3.748411638737395842e-20
3.804483468108614100e-06
9.282992170912339462e-28
1.002741848730554424e-26
7.724369625221973030e-27
6.522449899188018512e-41
6.587991312533482961e-27
9.241825569596422483e-28
3.044006283645128057e-48
1.661967330128527655e-47
2.574157378670831494e-07
4.026401793956486800e-04
4.647753331026491383e-09
7.394639312759856090e-06
2.296812297933412822e-05
9.090252902150934772e-07
1.315620958161787057e-06
1.338025205148695358e-05
1.272541412876122402e-05
1.199171354388072580e-05
3.408394463566374877e-03
7.480784467084250402e-18
9.288249804867066599e-04
5.299696818390297812e-03
1.069277780011424470e-04
1.084704019041655542e-03
1.238122166059845235e-25
1.357749473149815781e-24
1.304280619968586072e-04
1.002809852984182474e-18
1.015957835060347290e-04
1.471607799308380316e-26
1.589619753057210092e-25
1.653167015476007476e-25
1.271386317437281581e-39
1.281684581463280848e-25
1.465081764929289863e-26
3.625842687115678538e-47
1.979638593664191452e-46
3.667007813462369608e-05
5.735798081750310279e-02
1.653722478608150337e-06
2.631101354201557680e-03
4.089913274017188964e-04
4.856080031247872567e-05
2.808886240091898383e-05
4.761202309682668801e-04
2.716911647216181387e-04
4.267108613305724166e-04
1.053175025896920490e-02
1.172591153161205379e-17
1.434933889366506003e-03
8.187452343304353272e-03
1.101275542996282136e-03
1.117163257608987451e-02
5.172966853229263920e-25
5.672778279849608890e-24
1.612569656896760189e-03
1.048255102436723469e-17
1.046360139692182820e-03
2.767710348481674233e-25
2.989660826867496939e-24
1.036678380579365315e-24
5.397794892205265108e-39
5.354974539038056489e-25
2.755436524369001048e-25
3.462053109811441903e-46
1.890213313893284820e-45
1.702418377992755236e-04
2.662860071052828292e-01
6.097654077320332869e-06
9.701658294248939607e-03
8.861151726399335918e-03
4.008046669873804131e-04
6.045509862555420010e-04
6.064836848477076457e-03
5.847578873720148292e-03
5.435469582356954391e-03
9.141408423008793275e-31
1.002883342746777496e-45
1.245568525162074341e-31
7.106974691761998303e-31
9.559453138747088424e-32
9.697365326664030876e-31
4.426285843272585477e-53
4.853953386021922781e-52
1.399237528412703200e-31
8.962470249252991648e-46
9.082767331942979264e-32
2.367432885532412537e-53
2.557283306353372000e-52
8.864997240526070386e-53
4.543542339963266251e-67
4.582021433733490933e-53
2.356934200309263520e-53
2.915496393501733924e-74
1.591803517492840525e-73
1.475147133493411687e-32
2.307370618728169092e-29
5.323018261492913041e-34
8.469011693068835253e-31
7.677928693993971701e-31
3.472853792242842452e-32
5.274008165551036812e-32
5.290846515008214232e-31
5.101314808407904509e-31
4.741788796052289287e-31
8.623609452989692281e-01
1.687347003198868059e-02
5.326786649447414312e+00
6.126379693545086980e+01
1.449729894227604343e-01
4.046367806470529960e-01
2.107800649790545933e+00
1.044150834750763417e-02
8.982469127422023192e+00
8.223953550944806956e-01
9.369021654308133940e-01
1.622062203622912646e+00
1.742039594862662799e+00
1.257401287381761712e+00
3.646373716437056457e-25
2.948623680950266909e-26
6.738142067440667127e+00
9.032082264725275422e+00
6.085945120652371809e-01
6.903268733128955503e+00
1.570870116288572262e+02
7.753440765357114683e-01
0.000000000000000000e+00
4.369246104203509340e+00
1.565221060917330265e+00
1.077582466528911542e+00
2.273789650890875869e-01
1.684311176965437862e-01
1.001482734721942478e+02
2.009238229280016697e+01
4.030662549301158037e+01
4.829590371767633963e-03
1.126912550243284628e+00
2.027184880886529683e+01
6.553232909195642719e+01
1.831075365331019666e+00
4.647109984575566344e+00
1.530638603643984805e-03
3.273535056904182394e-02
4.411559260205993205e+00
9.980451974901168866e-01
1.368019034873760020e+01
1.359042143756268750e+00
2.650564724016834589e+03
9.496220621923196177e+02
4.750985364628768934e+02
2.454412296258995809e+02
8.981685562599373007e-01
8.302424079103377153e+03
1.462963160073595326e+01
2.291590754930866058e+00
3.042433718407604903e+00
2.971182815511480868e+01
1.303434445455425639e+00
1.303487937811871689e+01
1.024296840037885303e+01
1.498424094430989673e+00
2.154897308675000289e+00
1.881715696809434790e-01
1.036986812719589368e+00
1.817538267972915733e+00
1.494730563848730986e-01
1.932494067430653573e+01
2.288789929088259356e+01
1.582255054254970983e-01
6.834691004053347618e-02
4.557224060855993297e-01
1.080714188005402615e-01
1.842050406751139136e+01
1.241196313984846977e+00
5.510974049518207494e+02
4.878737533967287732e+02
0.000000000000000000e+00
1.832932537040568093e+02
3.355552505068822455e+01
3.073589712465070178e+01
1.636126307161418769e-02
9.342409991203343145e-01
1.059972696057744201e+02
0.000000000000000000e+00
2.423208324467729102e-01
1.414008139079462012e+01
5.386987035021166825e+00
4.635056737621904288e-01
5.283341165011320228e+00
3.408157361927675096e-04
4.050755419921058496e-03
4.373459252343736559e-02
8.691090144942811846e-02
8.920677170279649876e-03
0.000000000000000000e+00
2.811343197466043553e-01
5.640295890441046622e-02
3.693960918488902845e+00
6.762543258950167724e-01
1.831082988921712174e+00
6.464913364238194471e-06
2.820481312900314187e-05
1.863294315989872177e-02
8.128153070437887928e-02
5.504966064290165439e-01
3.047739021206450835e-02
1.519618120526038466e-02
1.305535620243681270e-02
2.289973511080944379e-01
4.454456688124072347e-03
1.050324766004986487e-03
0.000000000000000000e+00
5.298283021690648395e-03
1.616338038958901185e-02
9.693941008945811512e-04
9.400530573924388306e-04
1.472929726925166320e-04
0.000000000000000000e+00
6.028634137887640271e-04
1.563475834867635861e-01
2.444409433845903465e-03
2.225483380984439197e-03
4.464906329112513649e-04
2.494176646436627038e+02
1.152450388808152226e+01
1.161110019703285173e-01
5.814131247876421771e-01
1.166468364011282732e-01
4.907378199185568612e-01
0.000000000000000000e+00
0.000000000000000000e+00
0.000000000000000000e+00
0.000000000000000000e+00
3.618960548778352404e+01
9.026167840028037403e+01
1.249937465086715974e+03
6.825904345778099902e+00
3.933537354040878853e+01
3.332956058269517241e-01
7.908728661085927605e-03
4.408006877037521920e-01
7.095206567988419054e-03
3.887171269714808086e-01
3.603697616227559131e+00
3.796866684947650117e-02
4.479065207352801725e-02
2.351042603024134081e+01
2.397216838727470600e-01
3.150978517747973773e-01
4.029826523710089425e-01
0.000000000000000000e+00
0.000000000000000000e+00
2.000019406144344092e-01
4.746549337368743409e+02
7.149811116897891061e+00
1.542040374152737980e+00
5.390791349094345541e+00
1.168792358990189850e+00
