4.751471696634256659e+03
3.003848552439989135e+02
6.137061909990917385e+00
2.094461809016133031e+02
2.235249926046197988e+00
2.868900559530500979e-117
9.113734814399502372e-214
6.137128921674231741e+00
6.137244713711315747e+00
6.137251781998756428e+00
6.137920693131609262e+00
6.137947482231871810e+00
6.138008920713129868e+00
6.138017353274350718e+00
6.138178604798423699e+00
6.138379536347392751e+00
6.138644691080894944e+00
6.137220669021088426e+00
6.137462967387557811e+00
6.137790571809243367e+00
6.137987602169517665e+00
6.138258704009200706e+00
6.138827914743858472e+00
6.139039388934539154e+00
6.139172090525478964e+00
6.139394440234644534e+00
6.139479552529572004e+00
8.369359173179542477e-01
4.582429919545836583e+01
1.211059112574014449e+02
2.025427953241070432e-06
7.298643232616130924e-12
0.000000000000000000e+00
0.000000000000000000e+00
0.000000000000000000e+00
2.773457881930294078e-02
0.000000000000000000e+00
1.514039847780314529e+00
2.425282354481003377e+00
1.058759742081546822e-02
9.874398391820065485e-03
1.067989677824374972e+01
6.101369423739534170e+01
5.862382292469673489e-02
4.739760583115695813e-01
1.826323008287574545e+00
5.312334247198089798e+01
5.223971789622058326e-01
1.139539631756903404e+01
2.448625581076572466e+00
1.365012480517102840e-02
7.124200392428191364e+00
1.046986715051944685e+02
7.270225147791585130e+00
1.129491509684650064e+00
0.000000000000000000e+00
0.000000000000000000e+00
5.081498464144579286e-01
0.000000000000000000e+00
1.331690554205059414e+02
0.000000000000000000e+00
0.000000000000000000e+00
0.000000000000000000e+00
1.844631148843771384e-01
0.000000000000000000e+00
1.370040097456572958e+01
0.000000000000000000e+00
0.000000000000000000e+00
2.227862063552227490e+00
0.000000000000000000e+00
0.000000000000000000e+00
3.126220186871630169e+00
9.257191543349154728e-01
6.068399019121061277e-01
1.572544972228105919e+01
5.847111535760797096e+01
7.902042898858147169e+01
0.000000000000000000e+00
0.000000000000000000e+00
2.209928992021030882e-17
8.059550032126743702e+00
2.244419558381168354e-16
7.576454668064067422e-20
5.358818747402427363e-01
1.076440129316252458e-19
2.663267884938913710e+01
6.374083859238003337e-21
3.700407483381653348e-04
8.538662745093210660e-01
9.710690955149435793e-04
8.104406966036410154e+01
4.735444787595344956e-03
1.408752518990767882e-04
4.773490575757405452e+01
2.122866429649686850e-08
3.971559839630517722e-04
1.002782986964030156e-07
5.514386832051240361e+00
4.862823534194982199e-05
6.426494122654760304e+02
2.832522320404856397e-06
1.101823205477457046e+00
5.068529275288707225e+01
5.373090276737464477e-05
1.030845363179433405e-06
1.431705446438072293e+01
4.158724482996913741e-05
8.857142726147296230e+01
2.884194897966020916e-08
8.433391630102413160e-05
1.119928584130374348e-03
2.042793887206281855e+00
6.445383636817048588e-03
3.965718881984772048e-05
2.281496891325799129e-04
4.972610807207663354e-08
2.858654205478959702e-07
2.259996343642029842e+03
3.550010083234338593e-07
3.482135129077288977e-05
1.557397360393143754e+04
3.117839501222331288e-03
3.115784627016651709e-02
1.478557706966508704e+03
2.960006037099975596e-04
2.330463545024878159e-03
2.180329288194291729e-03
4.479828246302140493e-01
1.542726009207471058e-06
4.129208567806241792e-03
4.457125933610829094e+00
1.399451651992882116e-03
1.616182494481606781e-03
1.191338449090357198e-04
4.732020504414084089e-02
1.410183841168289633e-02
2.027422130480601492e+00
6.113474981073886705e-02
2.586271551493291715e-02
4.952955901341706338e-03
2.465886363796593539e+00
1.043486299882133483e+00
1.987046077278332157e-01
3.678488221490730514e-02
5.142306684317615262e-08
1.483732808385459956e+00
9.958794309942523015e-04
1.765292994363414081e-01
6.976413881735755692e-04
2.154484302002180218e+00
1.655187602223646840e-03
9.999998423656441560e+01
9.999999957043402787e+01
9.999999839614289954e+01
9.999999989339079320e+01
9.999999996756088194e+01
9.999999974749316323e+01
1.720999999782706936e+03
1.274386465175154047e-02
3.449814942508531556e-03
3.149772195513537293e-02
8.527023779098244147e-03
7.626519226847022293e-04
2.287067129802344664e-26
6.200392656589025262e-27
5.749611918424943933e-18
2.140352688515206425e-04
4.639576433963864374e-04
1.733360139487526638e-05
2.147675606779208754e-02
2.960993934324983312e-02
6.401369497635208663e-06
2.499261381631984847e-05
1.870771204672770625e-06
6.824920081461724186e-29
9.920967302694786548e-07
1.275432202590094635e-06
4.866576870344028254e-29
5.928200897205086529e-30
4.425102091162630991e-52
3.695855408515810216e-08
3.693411773644762706e-09
1.336927132512605505e-04
1.700567378519270720e-04
2.976818049269771005e-01
4.826015026057608320e-02
1.768542442847231952e-24
6.325941243271860914e-01
4.582993664841594761e-02
2.503761030796524539e-02
2.709084082853350714e-02
1.627096099677888265e-18
7.519333373971187791e-03
1.146199112602863971e-03
4.009498516535090008e-26
1.378968928838262111e-03
1.089035350367368498e-03
3.663269400758071182e-04
2.899288766988284795e-19
7.127329936524976648e-27
5.280655755179274555e-26
1.110025695637997241e-41
4.150534004354083496e-26
7.095752200187235989e-27
5.303817802049589933e-49
2.540614831522064812e-04
1.665187419391876700e-02
2.215900639073271818e-04
8.818468841855064272e-04
6.425426283290801115e-03
4.290013454259232473e-02
1.162739019471042447e-02
4.396955654918843128e-25
1.996620163335747437e-03
7.698462291597186050e-26
2.895595417053788358e-48
3.973593970523298102e-01
1.050001604929014810e-05
5.599334615664111788e-03
8.523086893638122732e-03
5.756362064968766588e-03
3.450309686084295966e-04
8.527820513190503089e-04
6.192818941565113476e-28
2.696726327630709699e-02
1.619872940049610545e-18
7.425777186752761418e-03
4.237525441462890174e-02
1.140891262121210802e-03
1.157381142402453059e-02
3.991778187640723938e-26
4.377522922591275868e-25
1.378078511676294245e-03
2.898330627381461286e-19
1.083992077298712121e-03
7.125090969875487201e-27
7.696043943949502606e-26
5.278565974695056679e-26
1.109801399350081228e-41
4.132190351482261072e-26
7.093523149525580641e-27
5.303019331502663775e-49
2.895159505866601665e-48
2.539046060938571236e-04
3.971432660777894919e-01
1.049224778236834922e-05
1.663961795987615663e-02
5.595868582054013864e-03
2.214523334757316682e-04
8.814197155812148734e-04
6.420526580640959109e-03
8.518965604549995005e-03
5.751971890261264701e-03
6.014098445903645661e-04
4.365120242608688458e-03
5.812685217932767913e-03
3.910602665352562977e-03
4.142126790161418273e-04
2.807826611490411413e-20
1.149387617359052448e-04
6.557591259709262977e-04
1.752007719201753320e-05
1.777288329794706270e-04
6.891613366909728972e-28
7.557580271853637140e-27
2.108319967334041744e-05
5.003064474231446112e-21
1.664630342695068576e-05
1.225022507309506174e-28
1.323189066118375784e-27
9.078980095488328491e-28
2.189103019585413565e-43
7.134026342995585332e-28
1.219594826918493935e-28
1.041228105644056229e-50
5.684550146485807116e-50
3.897648259892636780e-06
6.096033415756442128e-03
1.605216685363062689e-07
2.545869341894713362e-04
8.594139404344625153e-05
3.401083650530532857e-06
1.347945954005123919e-05
9.821762233919058272e-05
1.302819917696861735e-04
8.799130067376408982e-05
9.616377579829937794e-02
7.274834251419380931e-18
3.716005307969024590e-02
2.084727127369255528e-01
4.116958562270877850e-03
4.155578387995367828e-02
1.779300768176043797e-25
1.951241748421935703e-24
5.351807435353745550e-04
1.338891867890726422e-19
3.911740772441146125e-03
3.272316565226624724e-27
3.534544773369508562e-26
2.425363529040308493e-26
6.279345145598356950e-42
1.841887478213336374e-25
3.257817738732294650e-27
2.979148995454218433e-49
1.626458520515695051e-48
9.912018944756784882e-05
1.362850550404684224e-01
4.076318541079963792e-06
6.426438012224839659e-03
2.181644008064067154e-03
8.650684602221247923e-05
1.422579232172713117e-03
1.473231377678583219e-02
1.372556802646668871e-02
1.320320290298539895e-02
9.626616892337779008e-02
7.281671646233455172e-18
3.722226743636218582e-02
2.088217443373127369e-01
4.121343505565673929e-03
4.160004468958886786e-02
1.780979955493369935e-25
1.953083203086682079e-24
5.359764751831753255e-04
1.340715334366076012e-19
3.915907140793871075e-03
3.276785865292367419e-27
3.539372216635125235e-26
2.428675343267119421e-26
6.287135002083632445e-42
1.843625731176253200e-25
3.262267236951872800e-27
2.982856323608838478e-49
1.628482523504688218e-48
9.926719367799352091e-05
1.364872412581673022e-01
4.082379788406096424e-06
6.435993280155326117e-03
2.184878498390807264e-03
8.663509947066159284e-05
1.422703973155594725e-03
1.473406731156219271e-02
1.372677109192962236e-02
1.320477426129606363e-02
9.764530045060970578e-04
1.011239852647460857e-02
9.421210541477211334e-03
9.062814067826508932e-03
1.386320185313481243e-05
9.256581078456403247e-22
4.241560408159005583e-06
2.420449670043831793e-05
5.213362719003485436e-07
5.288714082588426078e-06
2.509129041615034793e-29
2.751598251512239815e-28
5.510109761792836310e-07
1.324987223361800366e-22
4.953358883041542847e-07
3.664383750873363530e-30
3.958020837236005200e-29
3.016379951825210146e-29
6.979007624948520350e-45
2.597388507064703608e-29
3.648148642077194137e-30
3.637930641425283457e-52
1.986111851557333221e-51
2.900653914285097652e-08
4.537039277498119407e-05
5.992107368288369928e-10
9.502863835010665517e-07
2.557134635507084751e-06
1.011967005402953574e-07
1.717355236726621229e-07
1.745074156680328270e-06
1.659840819897974275e-06
1.563368592817212018e-06
4.948597576885234000e-05
4.159308681716832631e-21
2.125436926128079686e-05
1.192397658760202653e-04
1.883192344049987011e-06
1.900857949174210995e-05
1.119028201475137887e-28
1.227164391702166032e-27
2.143058456143241515e-07
6.126902074880462708e-23
1.789320966985651578e-06
1.684628716029877603e-30
1.819627013252840160e-29
1.387340772112065236e-29
3.950784020542772312e-45
1.158389896293334463e-28
1.677164542411479422e-30
2.044799124188908837e-52
1.116352676531038216e-51
1.134035668536598765e-08
1.559239888574050762e-05
2.331866245828111558e-10
3.676256682116281900e-07
9.984086806709087322e-07
3.958903704356622632e-08
2.788762751336152191e-07
4.043360033017801540e-06
2.690710287194923106e-06
3.623692272916280909e-06
4.473069736927422820e-04
2.692642672860238718e-20
1.231710406633457005e-04
7.028764440549302613e-04
1.419292811863707023e-05
1.439806552553881845e-04
4.976186251362433975e-28
5.457059040889359889e-27
1.714448593411493468e-05
3.613496251277067359e-21
1.348509014695839523e-05
5.921749124721520791e-29
6.396275207129774245e-28
6.580867068974687616e-28
1.386676191521436125e-43
5.151225269067978554e-28
5.895512710437656359e-29
4.417054987953943631e-51
2.411471340076235309e-50
4.212402455112050401e-06
6.588802401975389980e-03
2.173610241566460821e-07
3.447124901153821464e-04
4.641951492216841866e-05
5.511053492614466407e-06
3.738072181742401122e-06
6.330679356671290510e-05
3.612884740155060604e-05
5.671499201632893824e-05
1.301018852383172214e-03
3.974107644299539621e-20
1.791192056840060047e-04
1.022144610065523493e-03
1.375982262847606026e-04
1.395869889563336290e-03
1.957608088218476216e-27
2.146781071586536437e-26
1.995273252887250898e-04
3.556648987233359733e-20
1.307358425896135471e-04
1.048661126176146364e-27
1.132693446437138286e-26
3.885622863768554798e-27
5.545096794452996505e-43
2.026467540020658525e-27
1.044014994297771694e-27
3.972320813741661665e-50
2.168671193132746568e-49
1.840430164124115837e-05
2.878697200292949787e-02
7.543033073782637946e-07
1.196258430504698036e-03
9.465050813745488553e-04
4.280828270955758783e-05
7.572155350947176603e-05
7.589710831615139111e-04
7.318582502930114130e-04
6.799442640298514022e-04
2.515167733902317834e-03
7.567571173867958496e-20
3.462902349128657098e-04
1.976107778321065968e-03
2.660188510699006159e-04
2.698637536262666475e-03
3.729476854400137579e-27
4.089874128273157724e-26
3.856047442798228890e-04
6.770343807604782865e-20
2.527518042966823216e-04
1.997148669025011596e-27
2.157185687963415910e-26
7.398089052335108015e-27
1.038827592304196318e-42
3.860662454146135353e-27
1.988300267392634503e-27
7.445408726673814245e-50
4.064787446794009828e-49
3.552649228108925664e-05
5.556853599639571817e-02
1.466845946531257047e-06
2.326268097551919493e-03
1.826960771491637804e-03
8.262927456887476842e-05
1.471499986222760549e-04
1.474907507654426219e-03
1.422219604333620213e-03
1.321333151693675255e-03
7.729169887475330510e-06
6.497190039294488120e-22
3.317650191456958463e-06
1.861244741497283188e-05
2.941340208523486332e-07
2.968931946319451397e-06
1.748009494275992723e-29
1.916926672722217717e-28
3.347640805753722011e-08
9.571929476678770875e-24
2.794723396873279704e-07
2.631849717691339547e-31
2.842753897757145784e-30
2.167405473712754611e-30
6.172968104588583808e-46
1.809495536996550943e-29
2.620188641432183036e-31
3.194918097225312871e-53
1.744257092786792473e-52
1.771467401934579083e-09
2.435674154263466507e-06
3.642574397251529173e-11
5.742627588867057148e-08
1.559606414494551346e-07
6.184172676105738835e-09
4.356285521732932585e-08
6.316072899604347656e-07
4.203119347536505401e-07
5.660516172217269732e-07
1.093697159595478083e-04
7.302757161315865897e-21
3.346256192658893838e-05
1.909543638824032555e-04
4.112931463855833974e-06
4.172377738756894995e-05
1.979516667860280785e-28
2.170806886248144094e-27
4.347042111059177985e-06
1.045316968916566017e-21
3.907808970732736247e-06
2.890927328404448306e-29
3.122585237676811557e-28
2.379700499418261899e-28
5.505954802795378493e-44
2.049146838268360151e-28
2.878119030201299237e-29
2.870075357568908964e-51
1.566904717241135372e-50
2.288387758299198969e-07
3.579367083604750909e-04
4.727287924379164016e-09
7.496990767261720087e-06
2.017378122020368510e-05
7.983623814048037867e-07
1.354854730104468853e-06
1.376722723238170161e-05
1.309480496674796735e-05
1.233371693351367347e-05
3.455917843464446481e-03
2.080586526022261975e-19
9.516258699784705538e-04
5.430459966637078001e-03
1.096552984126540094e-04
1.112402005770343804e-03
3.845051460850679987e-27
4.216617258752412050e-26
1.324595559866436874e-04
2.792130808778398178e-20
1.041865055071323370e-04
4.575690360663033517e-28
4.942353050575204778e-27
5.084995895893790639e-27
1.071602045454995976e-42
3.980302432041841018e-27
4.555417682829288831e-28
3.413420165104106105e-50
1.863541417476507777e-49
3.254560926539320348e-05
5.090600692858265192e-02
1.679267835027100882e-06
2.663148267665402160e-03
3.586438178954945650e-04
4.257918837139288603e-05
2.887940595591819950e-05
4.890923824986926575e-04
2.791223977165112292e-04
4.381657839290156319e-04
1.094742129904871866e-02
3.344425886909494887e-19
1.507197881776174047e-03
8.600831940990724331e-03
1.157819724244993440e-03
1.174554158895298531e-02
1.647426459285961400e-26
1.806625115435325532e-25
1.678926972641754754e-03
2.993120131978149632e-19
1.100076223750156169e-03
8.825039262433140058e-27
9.532215797079929172e-26
3.269964709026603724e-26
4.667106207955754250e-42
1.705375178729557523e-26
8.785939598380681930e-27
3.343345057726501022e-49
1.825284630416859762e-48
1.548648385836378868e-04
2.422308578125095258e-01
6.346774677930717572e-06
1.006542485538328840e-02
7.964465798106383498e-03
3.602147638944428495e-04
6.371615390279200845e-04
6.386387537154965786e-03
6.158245696032967065e-03
5.721413739031524191e-03
6.863561175300091968e-31
2.065345833829312476e-47
9.449801360811589671e-32
5.392536093573257017e-31
7.259301524309258602e-32
7.364223808674631359e-31
1.017847046760829478e-54
1.116206498694352735e-53
1.052267381395770200e-31
1.847771160085275862e-47
6.897261415960142144e-32
5.450623585005804178e-55
5.887397061993834840e-54
2.019092858938368220e-54
2.835532012982520643e-70
1.053650157731241597e-54
5.426474502242656132e-55
2.032253849969326472e-77
1.109499861740746747e-76
9.694804884681204618e-33
1.516406714533330278e-29
4.002634048505406644e-34
6.347769907387479672e-31
4.985585703718742822e-31
2.254866866921717155e-32
4.015356593989064951e-32
4.024654961864362967e-31
3.880882796690332600e-31
3.605588860626931507e-31
8.653868134934498135e-01
1.675561204517109562e-02
5.338098316454837899e+00
6.142429400446832943e+01
1.485184779046911929e-01
4.016611543454618460e-01
2.115404404599073640e+00
1.069132301539445391e-02
8.997502925526541517e+00
8.460961137083066186e-01
9.004813556654807094e-01
1.632528429486328925e+00
1.826919693024347646e+00
1.174841830642033624e+00
2.756170871269014573e-25
1.988136330734885752e-26
6.161672161515671320e+00
9.106980590662764996e+00
5.611422579958746937e-01
6.615068460099064573e+00
1.577843298186716652e+02
7.761126290119049198e-01
0.000000000000000000e+00
4.375842621671846011e+00
1.617797062037464428e+00
1.067216489492397224e+00
2.358585359914870117e-01
1.657935062690882311e-01
1.012954389938189195e+02
1.998434464713782432e+01
3.942117128796169112e+01
4.439323115708615659e-03
1.091925888778159770e+00
1.964323485359406973e+01
6.553063708800154075e+01
1.774204226083433200e+00
4.502546087109309703e+00
1.483244438819260758e-03
3.070736400422990550e-02
4.449671352782900158e+00
9.754257565677841857e-01
1.348310727314142099e+01
1.309001770364315975e+00
2.653387344941096671e+03
8.794984628832708040e+02
4.400129201004029937e+02
2.486431394857324335e+02
8.214633608874383208e-01
8.498778962555570615e+03
1.405953910637227544e+01
2.294226966208315677e+00
3.025899412101517694e+00
3.045661231616288944e+01
1.255219363005552813e+00
1.255278812831337021e+01
1.031747888723107742e+01
1.450500049173776507e+00
2.070321487977952124e+00
1.889431751555752381e-01
1.035336428676525200e+00
1.821927902418411849e+00
1.432372421073251634e-01
1.976396520678919444e+01
2.254149371481608455e+01
1.582789745677405935e-01
7.034971280454029030e-02
4.517855766079716950e-01
1.112797885700453210e-01
1.856530187088467798e+01
1.143910276996525033e+00
5.299176536879591595e+02
5.093359920981877735e+02
0.000000000000000000e+00
1.853066276031480868e+02
3.324566128326531356e+01
2.978209753159925555e+01
1.587571795368344918e-02
8.708927219787506724e-01
1.062612374839515041e+02
0.000000000000000000e+00
2.510185704962263897e-01
1.443063951506171527e+01
5.136623112625279930e+00
4.714777154107669954e-01
5.021106070881985239e+00
3.459723107678342098e-04
4.021043115813605420e-03
4.380087723429894331e-02
8.049005995525443380e-02
8.556726159538421278e-03
0.000000000000000000e+00
2.799016558628985574e-01
5.522115908144946406e-02
3.652496376391618949e+00
6.552905825204469181e-01
1.774213766506024914e+00
6.069843304005829555e-06
2.648394515760786646e-05
1.820926006504330896e-02
7.944144443580726522e-02
5.296668604267950053e-01
2.932342960512424740e-02
1.463021831489733082e-02
1.257324973261763658e-02
2.255378525541923140e-01
4.415413026402020304e-03
1.047552950380679308e-03
0.000000000000000000e+00
5.035548125887588482e-03
1.541243801342749228e-02
9.058351026454337278e-04
9.036429389951190381e-04
1.341400939241933874e-04
0.000000000000000000e+00
5.479761899851781290e-04
1.553953515050709722e-01
2.414723509234145433e-03
2.223638761147275853e-03
4.386966038863257403e-04
2.517258803117530306e+02
1.183154213803392452e+01
1.138876150787123676e-01
5.768120846553738135e-01
1.137979561520114508e-01
4.760890437007748166e-01
0.000000000000000000e+00
0.000000000000000000e+00
0.000000000000000000e+00
0.000000000000000000e+00
3.594798620174547210e+01
9.048879860525109109e+01
1.249944779195864385e+03
7.386799370992503527e-03
3.921242002168159502e+01
2.465238501857228703e-01
4.458279498831615659e-03
3.891355785240040444e-01
4.677906969836737733e-03
2.871671607213566180e-01
5.501183341589137576e+00
5.731346863875950992e-02
9.602986759895006108e-02
2.060671844574348555e+01
2.152109364673195080e-01
3.459972032054917102e-01
4.641213472851631883e-01
0.000000000000000000e+00
0.000000000000000000e+00
1.883694993358568104e-01
5.797164714624024100e+02
7.636018427682261134e+00
1.602843064622226255e+00
5.424387169772605155e+00
1.141783638911796350e+00
