5.182368824487849452e+03
3.008622193380348904e+02
6.122061023303670524e+00
2.099379046365591535e+02
2.235012624105889856e+00
9.544765448310332960e-128
3.305955585719538691e-227
6.122121610389974933e+00
6.122226292122029179e+00
6.122232682170170470e+00
6.122837102565043210e+00
6.122861308399858871e+00
6.122916819817386447e+00
6.122924438828229121e+00
6.123070115490595988e+00
6.123251611909740433e+00
6.123491071065902069e+00
6.122204551871186062e+00
6.122423565877894269e+00
6.122719615351930322e+00
6.122897641270390601e+00
6.123142543853782094e+00
6.123656521634637251e+00
6.123847444552454000e+00
6.123967237830498789e+00
6.124167924342326152e+00
6.124244739213223987e+00
8.390255176760061939e-01
4.592062867088253597e+01
1.213614134889312766e+02
6.061598230280746583e-07
6.883623343134296732e-12
0.000000000000000000e+00
0.000000000000000000e+00
0.000000000000000000e+00
2.780161558472483627e-02
0.000000000000000000e+00
1.517208971414994778e+00
2.431774600783957574e+00
1.045376051964695512e-02
9.735596300857326038e-03
1.114285820619285694e+01
6.201462809978757917e+01
5.539126804556755712e-02
4.621022990235828520e-01
1.991477113407031485e+00
7.539085478463958623e+01
5.166748848393788451e-01
1.139218954989231314e+01
2.706221390671048610e+00
5.415519168453037692e-03
7.104942073301812044e+00
1.045351980233096185e+02
7.270292759864905641e+00
1.164635927896191303e+00
0.000000000000000000e+00
0.000000000000000000e+00
5.596032922377554009e-01
0.000000000000000000e+00
1.334583697729521248e+02
0.000000000000000000e+00
0.000000000000000000e+00
0.000000000000000000e+00
1.844630913026918950e-01
0.000000000000000000e+00
1.366722319522238038e+01
0.000000000000000000e+00
0.000000000000000000e+00
2.229075944562512124e+00
0.000000000000000000e+00
0.000000000000000000e+00
3.115670010240500609e+00
9.440775906145911778e-01
6.086786564608993588e-01
1.585132430495800904e+01
5.763357597944457211e+01
7.874891509819026680e+01
0.000000000000000000e+00
0.000000000000000000e+00
2.209928738544190582e-17
8.069428380115365229e+00
2.247163061134644037e-16
7.584014404826343966e-20
5.371830387291461895e-01
1.080134117722580878e-19
2.666260569215866383e+01
6.387613467568649725e-21
3.719657043662104659e-04
8.561917098564234552e-01
9.787773042585175883e-04
8.112927528457181836e+01
4.765049367454522039e-03
1.417018611812819839e-04
4.774942951141279224e+01
2.135972468047763156e-08
3.998516744293019605e-04
1.010723856043706872e-07
5.525937045049131413e+00
4.901603713530149309e-05
6.434730614517197864e+02
2.852794305478752355e-06
1.104280416514530572e+00
5.075444119736104653e+01
5.408338182751925899e-05
1.036910555621575051e-06
1.432487177119120325e+01
4.185391464538094599e-05
8.867763859051265740e+01
2.904643649065175662e-08
8.510356980019507937e-05
1.130164703376339286e-03
2.043908476777339889e+00
6.508643250898949774e-03
4.038543943617288869e-05
2.325308472593602975e-04
5.156922667696509902e-08
2.967976788550419665e-07
2.259996185866141786e+03
3.681594941607940114e-07
3.638805257872966418e-05
1.558497166457143067e+04
3.260422183998455594e-03
3.258784146438597346e-02
1.479969709934505545e+03
3.096140396333273755e-04
2.448196505964985760e-03
2.280574939261678473e-03
4.313736220432637936e-01
1.553830159221053238e-06
4.279020934809574933e-03
4.436982338343935517e+00
1.477177152606027081e-03
1.709911983606515837e-03
1.260762882905156227e-04
5.012150827726308266e-02
1.496838067533446531e-02
2.031847596731183536e+00
6.167409444754361897e-02
2.591211621914600235e-02
4.962415470720535869e-03
2.489370973241060714e+00
1.046057791333143250e+00
1.991940827947057124e-01
3.710011567175721531e-02
5.192594807207172518e-08
1.497500915055115067e+00
9.891760479173474212e-04
1.753337509441557640e-01
6.879483919589407482e-04
2.135316615008412633e+00
1.644458048160135719e-03
9.999998172170654698e+01
9.999999950694628126e+01
9.999999822435123065e+01
9.999999987133350032e+01
9.999999996487404985e+01
9.999999972075713117e+01
1.720999999740198064e+03
1.274541618592009949e-02
3.397875854129707354e-03
3.129585968041113941e-02
8.343794094961142979e-03
7.626619062444349451e-04
6.945622588653072324e-28
1.854428229696857347e-28
1.561021054733167004e-19
2.051852691208904300e-04
4.632571767476135203e-04
1.677603779683077952e-05
2.150232822777452257e-02
2.964496585432762482e-02
6.392713179000068886e-06
2.479782991352723351e-05
1.869371545430915369e-06
2.072529471574218066e-30
9.794209714672202436e-07
1.266857186262834124e-06
1.469002166878211813e-30
1.801129508999715605e-31
4.085022208238628359e-55
3.378165891829232812e-08
3.322276466014461436e-09
1.340088650875205750e-04
1.700422912710180157e-04
2.976298124490612818e-01
4.824603954945778927e-02
5.371802708805155129e-26
6.049729436031788810e-01
4.576094754105337198e-02
2.381967538811978133e-02
2.687910298815764445e-02
4.416415486181829765e-20
7.508906270891149010e-03
1.145325998388257039e-03
1.217555448341946699e-27
1.369690101150067719e-03
1.088227572452860493e-03
3.661150852923526896e-04
7.873097670617998585e-21
2.165443786067699343e-28
1.594002307377232313e-27
9.157879485342410792e-45
1.260407288731032777e-27
2.155861935066913981e-28
4.896211518074742922e-52
2.322226762484381341e-04
1.657769132966911349e-02
1.993231137118213741e-04
8.812426077116070197e-04
6.417946642023159357e-03
4.284481825564279145e-02
1.161876475516534883e-02
1.335224846187274768e-26
1.995460092084318151e-03
2.338881392389286892e-27
2.672949790422039465e-51
3.632021263962578739e-01
1.046841904576773283e-05
5.037003985570197469e-03
8.513164756709525050e-03
5.748247347357856619e-03
3.398378887184749569e-04
8.344620650618566260e-04
1.852172683005483251e-29
2.675621897267089697e-02
4.396771919288330014e-20
7.415280412090479584e-03
4.231948487013427462e-02
1.140011293253268693e-03
1.156511555757669396e-02
1.212164720281928641e-27
1.329313136204883896e-26
1.368804335179700776e-03
7.870524568897193847e-21
1.083177684023097984e-03
2.164772565592059978e-28
2.338156418157387894e-27
1.593373900282071235e-27
9.156055637794785215e-45
1.254826831573342289e-27
2.155193683204378378e-28
4.895495773633611229e-52
2.672559056156809357e-51
2.320784080354695985e-04
3.630013140464444232e-01
1.046065042764615688e-05
1.656545074212896831e-02
5.033861267068189330e-03
1.991981652783528657e-04
8.808142745505564974e-04
6.413035978370225203e-03
8.509034044051098228e-03
5.743848376462344120e-03
6.022812904137956344e-04
4.369104376075210426e-03
5.818308683373260223e-03
3.913205560283669615e-03
4.112548767884723414e-04
7.626962049278495993e-22
1.148690290774917987e-04
6.554255027310764477e-04
1.752058908450402125e-05
1.777375911030449522e-04
2.094217652802768277e-29
2.296610617517835973e-28
2.095590024628772504e-05
1.359640736422198467e-22
1.664711287272029684e-05
3.724571312713367540e-30
4.022888808756153235e-29
2.742175555199910508e-29
1.807221334116802296e-46
2.167921524010228197e-29
3.708089642458285003e-30
9.617831238687855844e-54
5.250593662045320086e-53
3.560217282681527825e-06
5.568269975192468267e-03
1.601434438784837560e-07
2.536097496843626748e-04
7.726293437863850121e-05
3.057435770305696833e-06
1.348065000827988031e-05
9.817865994886452573e-05
1.302302401871785009e-04
8.793449586779273827e-05
9.560054793746397550e-02
1.978586030560400843e-19
3.718680469144786116e-02
2.086477840649390847e-01
4.122322214316471133e-03
4.161090895775011733e-02
5.413523046110932360e-27
5.936704697611671726e-26
5.323413895164292881e-04
3.641491678823966825e-21
3.916911151974847988e-03
9.956864899271072873e-29
1.075435989035156940e-27
7.330653316424697429e-28
5.187902082432052875e-45
5.604041923424735130e-27
9.912803537104941413e-29
2.753861238843290806e-52
1.503396999127918215e-51
9.055613679266643267e-05
1.257732342789819879e-01
4.069620696810472966e-06
6.406411685049643624e-03
1.962145391713079716e-03
7.778254941419428324e-05
1.419730231953032860e-03
1.472028055671606613e-02
1.368868136206015731e-02
1.318853194184225336e-02
9.570235496482219772e-02
1.980445727870125691e-19
3.724906502892972454e-02
2.089971152314012426e-01
4.126712957981967453e-03
4.165522935523908316e-02
5.418632487388359255e-27
5.942307934435881155e-26
5.331329667596655577e-04
3.646451179060783015e-21
3.921083113182506456e-03
9.970464590286481545e-29
1.076904883751374870e-27
7.340664689398200147e-28
5.194338445675806562e-45
5.609331187134822626e-27
9.926343048644164311e-29
2.757288610874191260e-52
1.505268079483879297e-51
9.069058719803555749e-05
1.259600045393248768e-01
4.075672686783426724e-06
6.415938526033553892e-03
1.965057514425946374e-03
7.789799000574826836e-05
1.419854972353525513e-03
1.472203378619068442e-02
1.368988384487880398e-02
1.319010262787989260e-02
9.766974166123959522e-04
1.012704835908294701e-02
9.417086269691435710e-03
9.073265102912975513e-03
1.392726310922006038e-05
2.544009329944312062e-23
4.288701791876139912e-06
2.447589824270305928e-05
5.274695406718148349e-07
5.351040129388064203e-06
7.714952334754912792e-31
8.460555982143849846e-30
5.541687927276194109e-07
3.643196451466076728e-24
5.011733097880500393e-07
1.127295743371202799e-31
1.217584622240588885e-30
9.219400310511117473e-31
5.830052206233244728e-48
7.986479882948196151e-31
1.122307581734113122e-31
3.400504964143515470e-55
1.856410626321689653e-54
2.684554979253277565e-08
4.198998924491244744e-05
6.049003547147003188e-10
9.579182741549616898e-07
2.329161757991923598e-06
9.216876018169910142e-08
1.741419141094227114e-07
1.768578822429182211e-06
1.682289446113829807e-06
1.584034633760546385e-06
4.981329040453419990e-05
1.145426412321166827e-22
2.153648843438395722e-05
1.208369644762154925e-04
1.909300591660567753e-06
1.927256749812616342e-05
3.447353923125598885e-30
3.780518168690720744e-29
2.158430145779502275e-07
1.687287030913851335e-24
1.814162114247516506e-06
5.190219508414484532e-32
5.605930083071495004e-31
4.245836254948055780e-31
3.305026491587842817e-48
3.568677136008706268e-30
5.167251622694765520e-32
1.913880121531585070e-55
1.044831739824369787e-54
1.049052117245143031e-08
1.457026560364073121e-05
2.357239399084885057e-10
3.710774753716264518e-07
9.092225904637104203e-07
3.604302264586783777e-08
2.824453478804218747e-07
4.100013666211201678e-06
2.723271488563117407e-06
3.673381397544929773e-06
4.448900440748449338e-04
7.326609297527230697e-22
1.232974854032847822e-04
7.036666858709015584e-04
1.421663877134350882e-05
1.442240698912553064e-04
1.514824976941732647e-29
1.661223676267170374e-28
1.707070288189671954e-05
9.836828308469566866e-23
1.350788862412787075e-05
1.803611004868188632e-30
1.948068257477716604e-29
1.991384658297580714e-29
1.146888246162989341e-46
1.568139181873243519e-29
1.795630215743561424e-30
4.087788868530305467e-54
2.231614099216374114e-53
3.859608962747061430e-06
6.036938729746074705e-03
2.172332578959447883e-07
3.440100579462927375e-04
4.185854375720896915e-05
4.969234324819726508e-06
3.752602688469832112e-06
6.351883662589826330e-05
3.625184164820437319e-05
5.689090344567410601e-05
1.310464161418468335e-03
1.095328911302807162e-21
1.815882461635969630e-04
1.036335426445507369e-03
1.395848537280207293e-04
1.416051606585137790e-03
6.036247203116470160e-29
6.619613910164890252e-28
2.011992897432802270e-04
9.807357653806026938e-22
1.326260354485438132e-04
3.235239657595348486e-29
3.494361270046673758e-28
1.190984596993724237e-28
4.646456364510720356e-46
6.248691969442856707e-29
3.220923974545435309e-29
3.724444456661912838e-53
2.033256676615565822e-52
1.707496064433494982e-05
2.670749667718967310e-02
7.634014425806453302e-07
1.208925537726408123e-03
8.642448138249439731e-04
3.908525375667237512e-05
7.697992794995431320e-05
7.711700671928686237e-04
7.436621691635864279e-04
6.907021744937326835e-04
2.506328434642041917e-03
2.062971885658064343e-21
3.473039689731785822e-04
1.982086125794012017e-03
2.669692363816992468e-04
2.708332855669954523e-03
1.137435170436712622e-28
1.247361421574535904e-27
3.846741854463207855e-04
1.846504677854067217e-21
2.536598685279158115e-04
6.094188613514671237e-29
6.582292592488966172e-28
2.242870394603336029e-28
8.607759890992291669e-46
1.177467159418066352e-28
6.067222473553222845e-29
6.903117048165097205e-53
3.768563830303145619e-52
3.261298888743017262e-05
5.101102663360880529e-02
1.468783098353889640e-06
2.325961095647199883e-03
1.650583272065430252e-03
7.464719452383522329e-05
1.480038373215886778e-04
1.482671101352748752e-03
1.429784045221816442e-03
1.327960352176936910e-03
7.807750315748573304e-06
1.795567040853700742e-23
3.373551017884299710e-06
1.892832549150809773e-05
2.992642992601236311e-07
3.020787522052893605e-06
5.404040811757708025e-31
5.926306066613695862e-30
3.383551662824242845e-08
2.645315908927307741e-25
2.843522679031691491e-07
8.137155511404869877e-33
8.788900901803889422e-32
6.656565448440447739e-32
5.182218029120754515e-49
5.594225977226022128e-31
8.101146770956727223e-33
3.000915601170417499e-56
1.638269731333488835e-55
1.644496099949822454e-09
2.284037033255017950e-06
3.695204215954690844e-11
5.817003989311181747e-08
1.425299866446890534e-07
5.650114314166245714e-09
4.427607940548072773e-08
6.427173611830147923e-07
4.268995315659605589e-07
5.758385726855965224e-07
1.102628485768883859e-04
2.014117681930896521e-22
3.395386936075706714e-05
1.937769263591322211e-04
4.176003072644083474e-06
4.236445576178811482e-05
6.108003883702754171e-30
6.698305647828011160e-29
4.387383052888855678e-06
2.884355544637078363e-23
3.967814480447772484e-06
8.924912871812809749e-31
9.639738934522094886e-30
7.299091672047132034e-30
4.615739650268076976e-47
6.322974922272100879e-30
8.885421098344434512e-31
2.692230182462603692e-54
1.469747808702188344e-53
2.125376441113677060e-07
3.324369759394219144e-04
4.789014997112595926e-09
7.583868901745353509e-06
1.844009792208037976e-05
7.297049925537491450e-07
1.378687378589397272e-06
1.400189790544489904e-05
1.331874201530743199e-05
1.254085537336331305e-05
3.484757016867415236e-03
5.739475485283141806e-21
9.657705659414917137e-04
5.511714771302241717e-03
1.113567808198472108e-04
1.129685320765642844e-03
1.186670325222380951e-28
1.301354856025150079e-27
1.337125930071278554e-04
7.705935448496242701e-22
1.058052480349409554e-04
1.412900581305489106e-29
1.526064527480106086e-28
1.560000370031762142e-28
8.985488098296740221e-46
1.228435139082680706e-28
1.406648644442165187e-29
3.202635245296704121e-53
1.748389216225417728e-52
3.023203301059787108e-05
4.728689687319064666e-02
1.701479328609733607e-06
2.694458603049575823e-03
3.278750636287755755e-04
3.892366711954539643e-05
2.939241538679736941e-05
4.975139156399770255e-04
2.839440489574169548e-04
4.456003576854071068e-04
1.117932574079206522e-02
9.345203605588000992e-21
1.549095248066470042e-03
8.840782999347721050e-03
1.190772169941883146e-03
1.208007028142188584e-02
5.150027506195240114e-28
5.647746449536588756e-27
1.716398381053630545e-03
8.367532951481724224e-21
1.131407797112186442e-03
2.760261255684830389e-28
2.981340196528946140e-27
1.016133493802881845e-27
3.964812589260514822e-45
5.331281905310618152e-28
2.748047314387673786e-28
3.178049193366917254e-52
1.734967408966599232e-51
1.456648565338653932e-04
2.278391004013365084e-01
6.512117883582636324e-06
1.031261593439265767e-02
7.372794039589449129e-03
3.334327517837875547e-04
6.567039093377222180e-04
6.578733092343986427e-03
6.344067447773960380e-03
5.892273899107793381e-03
5.150796356751956245e-31
4.240171919362085006e-49
7.137499164272782199e-32
4.073416743691138125e-31
5.486527190591023157e-32
5.565937875812291844e-31
2.337841821845134051e-56
2.563780137493681409e-55
7.905523465123688545e-32
3.795262065101796247e-49
5.213004251947646967e-32
1.252580258550893998e-56
1.352903608397338499e-55
4.609934338645741299e-56
1.769436939310189720e-73
2.420122076337595057e-56
1.247037723120413425e-56
1.419019930636778532e-80
7.746742745627003162e-80
6.702403375032739128e-33
1.048344505674329609e-29
3.018372801521004904e-34
4.779887482230600063e-31
3.392170276941625017e-31
1.534100092333399284e-32
3.041520340308171987e-32
3.046930717322030378e-31
2.938246327462500267e-31
2.728995805737268322e-31
8.673540839542382974e-01
1.677199714825422516e-02
5.349781925298197294e+00
6.158313623160329087e+01
1.503815755596480952e-01
4.005248054632109533e-01
2.120572033725547811e+00
1.081829338149820768e-02
9.013363022755102705e+00
8.589307369671081993e-01
8.695162070511363028e-01
1.639624693976150072e+00
1.887989308709287828e+00
1.117677714874187656e+00
2.075677979915395555e-25
1.398458348685533322e-26
5.840801652296391033e+00
9.158365065247727088e+00
5.349219039604619086e-01
6.459625648583627644e+00
1.583411356603320712e+02
7.768546027092722017e-01
0.000000000000000000e+00
4.389144995830609908e+00
1.647719304062025047e+00
1.061374873632698224e+00
2.409660450584946989e-01
1.644888177147773023e-01
1.019287955646550046e+02
1.993390444521829252e+01
3.897771574247745008e+01
4.255784691586135884e-03
1.075350576518286250e+00
1.934541524890603270e+01
6.546751065711605122e+01
1.745603361187138436e+00
4.429817963233274369e+00
1.459238822802579830e-03
2.972681143120805419e-02
4.469116088835086487e+00
9.646477823022511222e-01
1.338846965035365066e+01
1.285381816895367235e+00
2.654573463532090955e+03
8.224783478573255024e+02
4.114993690683836007e+02
2.461660438126783959e+02
7.787706919284703710e-01
8.616255070382772828e+03
1.371355995069974831e+01
2.296582332387466785e+00
3.015327034686194896e+00
3.094212589909706068e+01
1.226950075726143563e+00
1.227013279929173351e+01
1.037264969080538179e+01
1.422366269262021143e+00
2.018640998773705064e+00
1.893456371095852409e-01
1.035810909910550137e+00
1.826568312317162990e+00
1.395925547808628264e-01
2.004858392403548351e+01
2.235079706551015377e+01
1.588187583651634038e-01
7.159351787186402083e-02
4.494940588255389446e-01
1.136361027156831127e-01
1.866045845611377629e+01
1.089886058739450325e+00
5.173913971242554908e+02
5.221778069795880128e+02
0.000000000000000000e+00
1.864875831406243947e+02
3.311452415447293163e+01
2.933028678348235019e+01
1.587639289006762336e-02
8.505373554572464023e-01
1.065260811794388616e+02
0.000000000000000000e+00
2.569223510386037801e-01
1.464876503215813841e+01
4.960493612816174291e+00
4.767360617106864429e-01
4.829896986160439276e+00
3.483544241276027680e-04
4.009718168810890403e-03
4.393422865226512264e-02
7.699972716402092576e-02
8.363645469763338752e-03
0.000000000000000000e+00
2.794353375481795076e-01
5.464832069272149151e-02
3.634423936179350001e+00
6.453632530196481421e-01
1.745614111287251857e+00
5.875144063465910625e-06
2.566026928547163901e-05
1.799341501467364643e-02
7.857886569248302699e-02
5.173754391667609864e-01
2.863119744586821794e-02
1.429632544989680419e-02
1.229061349830849921e-02
2.236341135692192228e-01
4.392297527221842440e-03
1.049900398436032093e-03
0.000000000000000000e+00
4.843962376047950859e-03
1.488414710206602092e-02
8.854750112750366109e-04
8.727149739449820837e-04
1.280868483177088511e-04
0.000000000000000000e+00
5.224334733640598541e-04
1.550218583374697590e-01
2.403128969927503800e-03
2.226798413072334035e-03
4.354881990633933616e-04
2.538519891738959586e+02
1.206477310666492819e+01
1.126441168958113859e-01
5.740812329306133055e-01
1.122713316878088813e-01
4.760850071024103625e-01
0.000000000000000000e+00
0.000000000000000000e+00
0.000000000000000000e+00
0.000000000000000000e+00
3.572808784723613940e+01
9.069487872234890347e+01
1.249950453006055113e+03
5.195679474387461527e-03
4.058166869319205716e+01
2.446021323954441218e-01
4.287120160302742601e-03
3.869201002488723562e-01
4.558023415099946192e-03
2.849005978056848298e-01
5.511307142904803058e+00
5.731592520975391930e-02
1.048203249583596341e-01
2.006042331898996522e+01
2.086641234114871013e-01
3.738707058859068733e-01
5.083111486302269721e-01
0.000000000000000000e+00
0.000000000000000000e+00
1.789820272178781757e-01
5.974392757753718115e+02
8.065998885690913056e+00
1.668629809837434363e+00
5.445654308339132221e+00
1.128248601974541465e+00
