2.835472742788556843e+03
2.986150716875322928e+02
6.196877237075148592e+00
2.076428267812617037e+02
2.239613844046577817e+00
5.151970134327790295e-86
1.347247127899265533e-135
6.197009797027421385e+00
6.197240177446341924e+00
6.197254245485994240e+00
6.198635345690726162e+00
6.198690736928957890e+00
6.198818195921377061e+00
6.198835697931959210e+00
6.199173382554629796e+00
6.199598977574243719e+00
6.200169349838893673e+00
6.197192739012810314e+00
6.197680280124125751e+00
6.198351095664198951e+00
6.198758880179273234e+00
6.199328549684292256e+00
6.200566185500525407e+00
6.201031903665329637e+00
6.201326518077840078e+00
6.201827055415967571e+00
6.202019675745789051e+00
8.287859225326752455e-01
4.556748006053614120e+01
1.204243897073043996e+02
7.402357460908793750e-05
8.561800548308775303e-23
0.000000000000000000e+00
0.000000000000000000e+00
0.000000000000000000e+00
2.748781650011768510e-02
0.000000000000000000e+00
1.505719129596040151e+00
2.405760379140078342e+00
2.644202395332025279e+00
1.968102548494479720e+01
5.710443513823421080e-01
1.442561256500748956e-02
4.143339360257122100e-02
2.780379574636625550e-01
2.003492068261601755e+00
2.250671779756918201e-04
3.459072144166780178e-03
1.160590335240875959e+01
3.331363940771340376e-02
2.185879752698142720e-01
7.359559173490691997e+00
1.065271974096189638e+02
7.208529449259724942e+00
4.392187719022119102e-02
0.000000000000000000e+00
0.000000000000000000e+00
1.048380170901130448e+00
0.000000000000000000e+00
1.322459224273781047e+02
0.000000000000000000e+00
0.000000000000000000e+00
0.000000000000000000e+00
1.848598223210423108e-01
0.000000000000000000e+00
1.408643898752826296e+01
0.000000000000000000e+00
0.000000000000000000e+00
2.210293794565676428e+00
0.000000000000000000e+00
0.000000000000000000e+00
3.175068798009621052e+00
7.964663645498996913e-02
1.548078321719099926e-01
1.597762349329768838e+01
2.577694370219043662e+01
4.034903185680877580e-01
0.000000000000000000e+00
0.000000000000000000e+00
2.209929749009978141e-17
8.036057211632185115e+00
2.237914217000474877e-16
7.560768073944936382e-20
5.310851925273264440e-01
1.064585195514422868e-19
2.656146601829454568e+01
6.343878607408212152e-21
3.670337588196837452e-04
8.451829713580307768e-01
9.535298743569226368e-04
8.084223275097798478e+01
4.685763247656727498e-03
1.375037215281101012e-04
4.770218530040512661e+01
2.070639897148910432e-08
3.883030957714841123e-04
9.778088197048539106e-08
5.490439610752591904e+00
4.725828091160127250e-05
6.406125744887579003e+02
2.755969409403381072e-06
1.097650886315310270e+00
5.051495642263999031e+01
5.312551912916395601e-05
1.011929305318426052e-06
1.444913655466154800e+01
4.120877457302185435e-05
8.831535103238934425e+01
2.823083898102570902e-08
7.897400043912144270e-05
1.047895121857798234e-03
2.061646327775794596e+00
6.082820060158513654e-03
3.471971676119973369e-05
2.012904844097302564e-04
3.811453012089059023e-08
2.204243717331020244e-07
2.259997433032230219e+03
2.721036067257084074e-07
2.386258795932263323e-05
1.554851512060282948e+04
2.133095687203434565e-03
2.126391070303289277e-02
1.475299508601725620e+03
2.023958546911836204e-04
1.454939684990054190e-03
1.486120027049453018e-03
5.100703949027900475e-01
1.197247387957274710e-06
2.500488532435991926e-03
4.520840013026856674e+00
6.494225349419464020e-04
7.349623848159865048e-04
6.221561826626081947e-05
2.145107349868731125e-02
7.166365038853497738e-03
2.020246509584528116e+00
5.556029754094370110e-02
2.539394870406067733e-02
4.864054738414350099e-03
2.257035934408383238e+00
1.033991899336361708e+00
1.969316047712573181e-01
3.414889402543222485e-02
4.760006938322855742e-08
1.390037039652412210e+00
1.112495225650226823e-03
1.973280729138214007e-01
7.829055451325401009e-04
2.378854293356901461e+00
1.810118428293490183e-03
9.999999180926516829e+01
9.999999976026738580e+01
9.999999891170926958e+01
9.999999996006819458e+01
9.999999997732666657e+01
9.999999982767008078e+01
1.720999999910310407e+03
1.297139061721185385e-02
4.225584781779484142e-03
3.638032504909352594e-02
1.185361787496611551e-02
8.923306473341622832e-04
8.440889028181875955e-22
2.753779641130753418e-22
2.903910054013605158e-13
2.964803882744130085e-04
5.037373349205895041e-04
2.257292900595242373e-05
2.147704065466780887e-02
2.959446023524093042e-02
6.508431644885173393e-06
3.069569438865440183e-05
2.334841194863401229e-06
2.503780473907726701e-24
1.323550800083228988e-06
1.814063873013313081e-06
2.059901470914304973e-24
2.644651702259368327e-25
5.869597248379206754e-43
7.326476444067526222e-08
7.421472546875473303e-09
1.339877681578514174e-04
1.793572371790186641e-04
2.995306000540050584e-01
5.864225003173913209e-02
6.461957520316767457e-20
8.892712693653543887e-01
4.972600783974038402e-02
3.498082334172074315e-02
3.329319045881597161e-02
8.250890349672374575e-14
7.641958339979494988e-03
1.430435120779725497e-03
1.470424078478795732e-21
1.962963505655959673e-03
1.359781525248723866e-03
5.428811654934936328e-04
1.789745823655891759e-14
3.182341969657379414e-22
2.234927736752728598e-21
2.038626277540236936e-32
1.522901363340516536e-21
3.165707485010868336e-22
7.034983946351576842e-40
5.036400370447840927e-04
2.010824480477993795e-02
4.452606824451889041e-04
1.202650243822107889e-03
6.934226213357532094e-03
4.356645469881288008e-02
1.449608859947512478e-02
1.612672004085343498e-20
2.958867746607946481e-03
3.435429800253452847e-21
3.842322402003713395e-39
7.877177246465670857e-01
1.236132762563900448e-05
1.124782356867426968e-02
1.211363766339174260e-02
6.244805747019009992e-03
4.225986074592647966e-04
1.185264127262939445e-03
2.750311514681843783e-23
3.314367617278077965e-02
8.214389366434036343e-14
7.547424828720741830e-03
4.303663025480358034e-02
1.423920887708414766e-03
1.443048030992276354e-02
1.463938662862656648e-21
1.605559240311741303e-20
1.961872980065010406e-03
1.789177622250704305e-14
1.353588963220804303e-03
3.181379107093177357e-22
3.434389768982424235e-21
2.234051829635187422e-21
2.038147201663397072e-32
1.516184588842795475e-21
3.164749066709222708e-22
7.033597789113074541e-40
3.841565475855073129e-39
5.033372450785461843e-04
7.873423554295113647e-01
1.235245691118583222e-05
2.009392427818353435e-02
1.124108908131154702e-02
4.449933997470947194e-04
1.202181925388124068e-03
6.929156626334176915e-03
1.210904688514717262e-02
6.240245493325763219e-03
7.772069188136084342e-04
4.437648044244749124e-03
7.835107540691469905e-03
3.996846265852767831e-03
6.054896376922418557e-04
1.655828082367535737e-15
1.360079368959789573e-04
7.753432128745637404e-04
2.605234885579955112e-05
2.639926191466496967e-04
2.938344588995386405e-23
3.222670049893258342e-22
3.628170602837177346e-05
3.685096787492376204e-16
2.476667047186578764e-05
6.524269220921313561e-24
7.042570623671909672e-23
4.545870614626909879e-23
4.669079457812021412e-34
3.043369206657898456e-23
6.489606291498347738e-24
1.603358114125408143e-41
8.757386395097492098e-41
9.068541890500015189e-06
1.418364711688905114e-02
2.212413702292123643e-07
3.600821323329601409e-04
2.025093253999026564e-04
8.016640642048968116e-06
2.218203843292542335e-05
1.241455919104676460e-04
2.242902137128522473e-04
1.118442228699159717e-04
1.219584495385281075e-01
3.653142225441211085e-13
3.755026224101306459e-02
2.104403994663725797e-01
5.330821808468510364e-03
5.366433608591528182e-02
6.457221086455860926e-21
7.082215270509677175e-20
8.014933545333165687e-04
8.538038092751348578e-15
5.068138579930194822e-03
1.508361564106731228e-22
1.628120682502381003e-21
1.047051545023904738e-21
1.140016497654976636e-32
6.688416619965916856e-21
1.500280020693821151e-22
3.903793397128541589e-40
2.132259127279973408e-39
1.978344122537551168e-04
2.452665180229850472e-01
4.815539188646825016e-06
7.782058585659304591e-03
4.400224762901570365e-03
1.748825770200829839e-04
4.551470899962340062e-03
1.960092097567229380e-02
4.578488627632019276e-02
1.773709247086443716e-02
1.220852581483694438e-01
3.656583495217131895e-13
3.761312938151022828e-02
2.107927308429037305e-01
5.336357757222881526e-03
5.372007997112644706e-02
6.463331259308905620e-21
7.088916677086993175e-20
8.026512519844719541e-04
8.549462516507548126e-15
5.073401461369522400e-03
1.510386099351020694e-22
1.630306086954120971e-21
1.048464710055009530e-21
1.141435209670028004e-32
6.694745174544702730e-21
1.502293835139836966e-22
3.908668073193541963e-40
2.134921623901103264e-39
1.981261028672171248e-04
2.456287255984520024e-01
4.822670583079031690e-06
7.793579151845464285e-03
4.406713173143465313e-03
1.751404430663812525e-04
4.551640378257614493e-03
1.960288532838466366e-02
4.578658801330553335e-02
1.773886348809508226e-02
2.949381768344330051e-03
1.266230804279378647e-02
2.966905258652111424e-02
1.145867950890724560e-02
1.480771046514123244e-05
4.079157117780486747e-17
3.746393831380189043e-06
2.136253752877568461e-05
5.654883058695738264e-07
5.730841907722116677e-06
7.996589653697135966e-25
8.770175658280533423e-24
6.817742033679465556e-07
7.108449812142152494e-18
5.375571345270269540e-07
1.421947591423537581e-25
1.535032742614235789e-24
1.109455080616138085e-24
1.113792887678719829e-35
8.281977902221062702e-25
1.414514273585120303e-25
4.193040541174306279e-43
2.290128254167987204e-42
4.997209726047016215e-08
7.816856257745261451e-05
6.130627782041818197e-10
9.972802448071445566e-07
4.464128907478788018e-06
1.767184576548068912e-07
1.928878593694123677e-07
1.541722297679229247e-06
1.944548736537136573e-06
1.388581219351536552e-06
5.453952319706288409e-05
1.815097366342069269e-16
1.866465767581924697e-05
1.046010834333070943e-04
2.119047903832897426e-06
2.133204225124903035e-05
3.529171092529831818e-24
3.870759377202950348e-23
2.789061431721603850e-07
3.395333892339425179e-18
2.014628981211229415e-06
6.748129056901750488e-26
7.283909392113104463e-25
5.204814692970384349e-25
6.233266129282545078e-36
3.655530066743370437e-24
6.711974048683289675e-26
2.328525191089400370e-43
1.271844718361611055e-42
1.966976253248993277e-08
2.438575002121564720e-05
2.393942810050649523e-10
3.868683687043831015e-07
1.749976299350653507e-06
6.955107348362369048e-08
7.320404318301442328e-07
4.399860226945076520e-06
7.363898028490592130e-06
3.981627701573059007e-06
5.387558273495153148e-04
1.337431737061211114e-15
1.226447319598604393e-04
6.993395541108095304e-04
1.736011882782305580e-05
1.759328863565243727e-04
1.787527680812148827e-23
1.960452660612709561e-22
2.392487552827031574e-05
2.185655185202634533e-16
1.650265909595708110e-05
2.590747701392941245e-24
2.796783136502100246e-23
2.728705032160362904e-23
2.493891771069756034e-34
1.851323320992860516e-23
2.577201968785340551e-24
5.737206472734720560e-42
3.133511892797409317e-41
8.181874710857504307e-06
1.279845015397445065e-02
2.507369688527172731e-07
4.078812241821690512e-04
9.136321834058413734e-05
1.085020267067105386e-05
4.735234558027724442e-06
6.305695545846267433e-05
4.773931853675382285e-05
5.679369688115047936e-05
1.345759637590250970e-03
1.689130550262228011e-15
1.528314228040483921e-04
8.714649797229267721e-04
1.445779637025042263e-04
1.465184600187581943e-03
6.017558661606913749e-23
6.599709722434963524e-22
2.395298448251040693e-04
1.845359550432187461e-15
1.374375505012095510e-04
3.935563647535092846e-23
4.248515401761358724e-22
1.380874427284196404e-22
8.521265868180018506e-34
6.232352132408408150e-23
3.914953477607857469e-23
4.408720516251385526e-41
2.407933913484427646e-40
3.065646175005512221e-05
4.795419969924562265e-02
7.464195317731195575e-07
1.214296693752228533e-03
1.597504954302715868e-03
7.227357648853135455e-05
8.251452371492918778e-05
6.482368205809761665e-04
8.322367712604805895e-04
5.838730357068487717e-04
2.985166814323528782e-03
3.704699608322409681e-15
3.397884522722202649e-04
1.937527320538178117e-03
3.206319158702957686e-04
3.249384759495977520e-03
1.320399811769896963e-22
1.448134918199433436e-21
5.302425887411594445e-04
4.036044115925743314e-15
3.047950831636338687e-04
8.611412883313803722e-23
9.296257148889224384e-22
3.023347875857924688e-22
1.841739807774865272e-33
1.367523886902834844e-22
8.566389040961035398e-23
9.533146465081530313e-41
5.206754707689479057e-40
6.799944631749156121e-05
1.063677400678867124e-01
1.667310847135174568e-06
2.712261504828557962e-03
3.543486580810357046e-03
1.603127053733489698e-04
1.836691739489798873e-04
1.447599213258986359e-03
1.851691136682004834e-03
1.303812809137862294e-03
8.352764718668111651e-06
2.780102898158024724e-17
2.856668533619685699e-06
1.600943428718380271e-05
3.245340281669598373e-07
3.267019932281587322e-06
5.405449683816151412e-25
5.928643015410882652e-24
4.272071302675053167e-08
5.201262157554989183e-19
3.085421960610033201e-07
1.033731742269135396e-26
1.115806721969102676e-25
7.973087665571301111e-26
9.549533885446418595e-37
5.598987541372051341e-25
1.028193146644004489e-26
3.567349199558338696e-44
1.948492712319798868e-43
3.012775285278667634e-09
3.735104183129632107e-06
3.666727213363658221e-11
5.925544623490334603e-08
2.680400730269687450e-07
1.065298759424713472e-08
1.121288927803879215e-07
6.739190180112473006e-07
1.127951054015128800e-06
6.098592845716602924e-07
1.145462104170801601e-04
3.155480373563988455e-16
2.898049462688058854e-05
1.652514206442617939e-04
4.374379780126768561e-06
4.433138332983099143e-05
6.185855527542370401e-24
6.784272042714352495e-23
5.273922903325552231e-06
5.498832508013175785e-17
4.158315990301168752e-06
1.099965575262010913e-24
1.187444022531729065e-23
8.582327645115782654e-24
8.615930420563117529e-35
6.406620960736129760e-24
1.094215433886859809e-24
3.243595701392147651e-42
1.771566503218869578e-41
3.865630113667961354e-07
6.046789429043241586e-04
4.742380264811496868e-09
7.714515475329693936e-06
3.453261316993191683e-05
1.367019247386930410e-06
1.492096848733114720e-06
1.192607767879634540e-05
1.504218882315486680e-05
1.074144664003701362e-05
3.786378907399782882e-03
9.400358058698601891e-15
8.619316620672876289e-04
4.914869746304929843e-03
1.220072416965686828e-04
1.236459537672967212e-03
1.256388491965516875e-22
1.377931223611185236e-21
1.681469783156570950e-04
1.536258332380985683e-15
1.159810030609954130e-04
1.820984109096532768e-23
1.965802118360447563e-22
1.917941951688941666e-22
1.753078277698101738e-33
1.301228189488705361e-22
1.811462962191086866e-23
4.032947643592522772e-41
2.202690408380205574e-40
5.750227905590536974e-05
8.994760725822391334e-02
1.762078509609649956e-06
2.866426593192583638e-03
6.421013435525191803e-04
7.625530124084048042e-05
3.327829069290323617e-05
4.431399134999542831e-04
3.355036552457890675e-04
3.991242883361847309e-04
1.030075712430659866e-02
1.293031291090491214e-14
1.169782985215890060e-03
6.670256977953254243e-03
1.106635577541086480e-03
1.121488520586303404e-02
4.606429270695488774e-22
5.052064854430150717e-21
1.833450908837119635e-03
1.412659926898240943e-14
1.051981130417226507e-03
3.012741407711460891e-22
3.252311107658739453e-21
1.057077264629832955e-21
6.523880539152094629e-33
4.770853461582743855e-22
2.996963741461581870e-22
3.375302523330693120e-40
1.843506652637962737e-39
2.346517062086405845e-04
3.670526261587619410e-01
5.712906008977634157e-06
9.293924533106833266e-03
1.222767406513194238e-02
5.531987477075129547e-04
6.315812541148691037e-04
4.961693877282446000e-03
6.370097349222173660e-03
4.469044940284288940e-03
1.837955978875282228e-30
2.281202333255423164e-42
2.092021939390428309e-31
1.192903842818955313e-30
1.974122724955294011e-31
2.000637936815107409e-30
8.130448844471946717e-50
8.916986347141640038e-49
3.264743342334999150e-31
2.485291988847147050e-42
1.876615819439295742e-31
5.302665333393714535e-50
5.724372726950908646e-49
1.861682287239883971e-49
1.134209724969948847e-60
8.420618807001794122e-50
5.274940521741994054e-50
5.870831452702305314e-68
3.206494320862118410e-67
4.186691717659878265e-32
6.549008279813797936e-29
1.026492126309287712e-33
1.669824597579769164e-30
2.181706629542502807e-30
9.870371608928875138e-32
1.130808527323419370e-31
8.912272569830651102e-31
1.140047671456235104e-30
8.027041826745986433e-31
8.132105017113945289e-01
1.940942243867022077e-02
5.306904494251946325e+00
6.096367472046556202e+01
1.290671820100512401e-01
4.200684752081927931e-01
2.072378186176573767e+00
9.212182922566187690e-03
8.956471669062125329e+00
7.105419210092288607e-01
1.027044851367161282e+00
1.576073781502778326e+00
1.413533258331997944e+00
1.594272934504626926e+00
6.218449809212132043e-25
7.924967676321252086e-26
9.827327693613479909e+00
8.713835662140843041e+00
8.563372169837332182e-01
8.426878242564615817e+00
1.547115634952337189e+02
7.732849599959409348e-01
0.000000000000000000e+00
4.371611488874068918e+00
1.343130754978309582e+00
1.129164387155996430e+00
1.919888498629730988e-01
1.819867542448726505e-01
9.463003974819766029e+01
2.060726478557615238e+01
4.488020846059339419e+01
7.245815574952646325e-03
1.314054482181334249e+00
2.363408875524322994e+01
6.512858817314337045e+01
2.121866775952826689e+00
5.386415720179081212e+00
1.696629385719284049e-03
4.221155408903789347e-02
4.266616851550344869e+00
1.124190371484671491e+00
1.443863204005985068e+01
1.616298579860264262e+00
2.615563671400363091e+03
8.733117323426317853e+02
4.372563798286153656e+02
1.500698620170244908e+02
1.308928397003676469e+00
7.730772964493341533e+03
1.764833446909848291e+01
2.283160288043588615e+00
3.090950015837392595e+00
2.629725484748795594e+01
1.550039492137208041e+00
1.550028725459987200e+01
9.938359394741185682e+00
1.753940002151280764e+00
2.572062694357873713e+00
1.848417006743640623e-01
1.051043990554596297e+00
1.809928655267360575e+00
1.823483886461737813e-01
1.745270450652948568e+01
2.458485920950412407e+01
1.617571560023598753e-01
5.974173403423603534e-02
4.735207174383917472e-01
9.654806757796265126e-02
1.778447148234114294e+01
1.747863820645597865e+00
6.382078010971624735e+02
4.003061308375342264e+02
0.000000000000000000e+00
1.741391961749235691e+02
3.513235173090806285e+01
3.583752509747027659e+01
2.434661446052542241e-02
1.677870194967065354e+00
1.055078567707744668e+02
0.000000000000000000e+00
2.074360536807195454e-01
1.312033956132810886e+01
6.338282606400732710e+00
4.308969914972761162e-01
6.229269913635368638e+00
3.157487245534492206e-04
4.204914562455852427e-03
4.375823685559129816e-02
1.204414594013031997e-01
1.086062981766247951e-02
0.000000000000000000e+00
2.870231301614906694e-01
6.250408719887935727e-02
3.907698407502860238e+00
7.883741768057610511e-01
2.121863411392777010e+00
8.306045590046614940e-06
3.644880397752072137e-05
2.088771986266850511e-02
9.164950711045269371e-02
6.360736522356325029e-01
3.663090680498443802e-02
1.807113553977468881e-02
1.551749905021593788e-02
2.459283023124656797e-01
4.630060049661249150e-03
1.070467921069034921e-03
0.000000000000000000e+00
6.245143804440878368e-03
1.901578466308519524e-02
1.715381711462671743e-03
1.029794201839734054e-03
2.313688505782526318e-04
0.000000000000000000e+00
9.063246334952659205e-04
1.612074779458250173e-01
2.598739813199501310e-03
2.235623958082787535e-03
4.868444110368136922e-04
2.441100441709245388e+02
1.048371872235069269e+01
1.274945499243304026e-01
6.032381755847997518e-01
1.313653182756332194e-01
7.309948960454214495e-01
0.000000000000000000e+00
0.000000000000000000e+00
0.000000000000000000e+00
0.000000000000000000e+00
3.675686352759555575e+01
8.972559689086098444e+01
1.249915870477852650e+03
8.217247878123507121e+01
6.882786893595894639e+01
3.658839408487545974e-04
6.816500721573999222e-01
1.981163381229780751e-02
5.942261536265202454e-02
4.543847354785315439e-04
1.042731069323413706e+01
8.457691501107281185e-02
1.928821341924642219e-01
2.058634794921338340e+01
1.565259756750187192e-01
3.613747939623636052e-01
5.957618854889506869e-03
0.000000000000000000e+00
0.000000000000000000e+00
1.840924588959640118e-01
1.057157468877004458e+00
7.644741065111083422e+00
1.899410247977247002e+00
5.309339792630455079e+00
1.333998975300803025e+00
